0.5 90.98672445909395 5.0 27.636363636363637 69.0909090909091 0.0 0.0 0.0
1.263157894736842 96.01889701457031 5.0 27.636363636363637 69.0909090909091 0.0 0.0 0.0
2.026315789473684 91.05242020802784 5.0 27.636363636363637 69.0909090909091 0.0 0.0 0.0
2.7894736842105265 94.33375882661339 5.0 27.636363636363637 69.0909090909091 0.0 0.0 0.0
3.5526315789473686 89.32035908118249 5.0 27.636363636363637 69.0909090909091 0.0 0.0 0.0
4.315789473684211 91.50489944760923 5.0 27.636363636363637 69.0909090909091 0.0 0.0 0.0
5.078947368421053 89.27114595648038 5.0 27.636363636363637 69.0909090909091 0.0 0.0 0.0
5.842105263157895 91.10411289351043 5.0 27.636363636363637 69.0909090909091 0.0 0.0 0.0
6.605263157894737 94.6421365335843 5.0 27.636363636363637 69.0909090909091 0.0 0.0 0.0
7.36842105263158 86.93925085163508 5.0 27.636363636363637 69.0909090909091 0.0 0.0 0.0
8.131578947368421 93.42448305184969 5.0 27.636363636363637 69.0909090909091 0.0 0.0 0.0
8.894736842105264 92.83441892820896 5.0 27.636363636363637 69.0909090909091 0.0 0.0 0.0
9.657894736842106 90.33876225412175 5.0 27.636363636363637 69.0909090909091 0.0 0.0 0.0
10.421052631578949 87.78303855804675 5.0 27.636363636363637 69.0909090909091 0.0 0.0 0.0
11.18421052631579 92.33760064435373 5.0 27.636363636363637 69.0909090909091 0.0 0.0 0.0
11.947368421052632 90.53273399402072 5.0 27.636363636363637 69.0909090909091 0.0 0.0 0.0
12.710526315789474 92.81924075527624 5.0 27.636363636363637 69.0909090909091 0.0 0.0 0.0
13.473684210526317 92.18676855778246 5.0 27.636363636363637 69.0909090909091 0.0 0.0 0.0
14.23684210526316 96.92654879517487 5.0 27.636363636363637 69.0909090909091 0.0 0.0 0.0
15.0 91.40314523879306 5.0 27.636363636363637 69.0909090909091 0.0 0.0 0.0
