0.5 29.917806770924688 5.0 0.6040540540540541 1.812162162162162 0.0 0.0 0.0
1.263157894736842 29.206197113185684 5.0 0.6040540540540541 1.812162162162162 0.0 0.0 0.0
2.026315789473684 38.31465802454086 5.0 0.6040540540540541 1.812162162162162 0.0 0.0 0.0
2.7894736842105265 31.385415651028794 5.0 0.6040540540540541 1.812162162162162 0.0 0.0 0.0
3.5526315789473686 28.04425806476706 5.0 0.6040540540540541 1.812162162162162 0.0 0.0 0.0
4.315789473684211 28.119911415958494 5.0 0.6040540540540541 1.812162162162162 0.0 0.0 0.0
5.078947368421053 27.37466295910868 5.0 0.6040540540540541 1.812162162162162 0.0 0.0 0.0
5.842105263157895 33.012410770273064 5.0 0.6040540540540541 1.812162162162162 0.0 0.0 0.0
6.605263157894737 29.109570824022978 5.0 0.6040540540540541 1.812162162162162 0.0 0.0 0.0
7.36842105263158 30.584790129672157 5.0 0.6040540540540541 1.812162162162162 0.0 0.0 0.0
8.131578947368421 30.012176679387895 5.0 0.6040540540540541 1.812162162162162 0.0 0.0 0.0
8.894736842105264 32.3971799265255 5.0 0.6040540540540541 1.812162162162162 0.0 0.0 0.0
9.657894736842106 27.662470424050642 5.0 0.6040540540540541 1.812162162162162 0.0 0.0 0.0
10.421052631578949 26.975985844273655 5.0 0.6040540540540541 1.812162162162162 0.0 0.0 0.0
11.18421052631579 30.875594624247483 5.0 0.6040540540540541 1.812162162162162 0.0 0.0 0.0
11.947368421052632 32.00558055680239 5.0 0.6040540540540541 1.812162162162162 0.0 0.0 0.0
12.710526315789474 31.200299641995624 5.0 0.6040540540540541 1.812162162162162 0.0 0.0 0.0
13.473684210526317 27.77434151541072 5.0 0.6040540540540541 1.812162162162162 0.0 0.0 0.0
14.23684210526316 32.23515722897688 5.0 0.6040540540540541 1.812162162162162 0.0 0.0 0.0
15.0 27.9711199214158 5.0 0.6040540540540541 1.812162162162162 0.0 0.0 0.0
