0.5 31.124896505293954 5.0 0.5891891891891892 1.7675675675675675 0.0 0.0 0.0
1.263157894736842 29.59211046816001 5.0 0.5891891891891892 1.7675675675675675 0.0 0.0 0.0
2.026315789473684 27.03208150463634 5.0 0.5891891891891892 1.7675675675675675 0.0 0.0 0.0
2.7894736842105265 29.66247323364759 5.0 0.5891891891891892 1.7675675675675675 0.0 0.0 0.0
3.5526315789473686 29.375406104772228 5.0 0.5891891891891892 1.7675675675675675 0.0 0.0 0.0
4.315789473684211 30.039004198899054 5.0 0.5891891891891892 1.7675675675675675 0.0 0.0 0.0
5.078947368421053 36.07903538088067 5.0 0.5891891891891892 1.7675675675675675 0.0 0.0 0.0
5.842105263157895 27.888141123835755 5.0 0.5891891891891892 1.7675675675675675 0.0 0.0 0.0
6.605263157894737 30.726326516835538 5.0 0.5891891891891892 1.7675675675675675 0.0 0.0 0.0
7.36842105263158 32.66484566119235 5.0 0.5891891891891892 1.7675675675675675 0.0 0.0 0.0
8.131578947368421 29.75346520175761 5.0 0.5891891891891892 1.7675675675675675 0.0 0.0 0.0
8.894736842105264 36.472994816975955 5.0 0.5891891891891892 1.7675675675675675 0.0 0.0 0.0
9.657894736842106 28.32534158426503 5.0 0.5891891891891892 1.7675675675675675 0.0 0.0 0.0
10.421052631578949 30.431727126419602 5.0 0.5891891891891892 1.7675675675675675 0.0 0.0 0.0
11.18421052631579 27.063042224780514 5.0 0.5891891891891892 1.7675675675675675 0.0 0.0 0.0
11.947368421052632 28.40488525402958 5.0 0.5891891891891892 1.7675675675675675 0.0 0.0 0.0
12.710526315789474 30.206261190649432 5.0 0.5891891891891892 1.7675675675675675 0.0 0.0 0.0
13.473684210526317 31.998371646382648 5.0 0.5891891891891892 1.7675675675675675 0.0 0.0 0.0
14.23684210526316 30.416743961530184 5.0 0.5891891891891892 1.7675675675675675 0.0 0.0 0.0
15.0 33.23680400746367 5.0 0.5891891891891892 1.7675675675675675 0.0 0.0 0.0
