0.5 25.787283662912376 5.0 0.5148648648648648 1.5445945945945945 0.0 0.0 0.0
1.263157894736842 23.373284181640432 5.0 0.5148648648648648 1.5445945945945945 0.0 0.0 0.0
2.026315789473684 26.133032805741465 5.0 0.5148648648648648 1.5445945945945945 0.0 0.0 0.0
2.7894736842105265 25.53384688595683 5.0 0.5148648648648648 1.5445945945945945 0.0 0.0 0.0
3.5526315789473686 21.742820287040637 5.0 0.5148648648648648 1.5445945945945945 0.0 0.0 0.0
4.315789473684211 21.327806189270685 5.0 0.5148648648648648 1.5445945945945945 0.0 0.0 0.0
5.078947368421053 27.43870337967255 5.0 0.5148648648648648 1.5445945945945945 0.0 0.0 0.0
5.842105263157895 17.937578298088177 5.0 0.5148648648648648 1.5445945945945945 0.0 0.0 0.0
6.605263157894737 26.359474824127023 5.0 0.5148648648648648 1.5445945945945945 0.0 0.0 0.0
7.36842105263158 24.308994069981768 5.0 0.5148648648648648 1.5445945945945945 0.0 0.0 0.0
8.131578947368421 29.66798306388297 5.0 0.5148648648648648 1.5445945945945945 0.0 0.0 0.0
8.894736842105264 24.262838615781614 5.0 0.5148648648648648 1.5445945945945945 0.0 0.0 0.0
9.657894736842106 27.72169588599893 5.0 0.5148648648648648 1.5445945945945945 0.0 0.0 0.0
10.421052631578949 24.552501719529868 5.0 0.5148648648648648 1.5445945945945945 0.0 0.0 0.0
11.18421052631579 26.084487703701672 5.0 0.5148648648648648 1.5445945945945945 0.0 0.0 0.0
11.947368421052632 27.953752836003396 5.0 0.5148648648648648 1.5445945945945945 0.0 0.0 0.0
12.710526315789474 24.3555760942695 5.0 0.5148648648648648 1.5445945945945945 0.0 0.0 0.0
13.473684210526317 28.732907896738453 5.0 0.5148648648648648 1.5445945945945945 0.0 0.0 0.0
14.23684210526316 22.762149611923792 5.0 0.5148648648648648 1.5445945945945945 0.0 0.0 0.0
15.0 26.62702177091838 5.0 0.5148648648648648 1.5445945945945945 0.0 0.0 0.0
