0.5 29.381330011586794 5.0 0.6189189189189189 1.8567567567567567 0.0 0.0 0.0
1.263157894736842 28.114085371779936 5.0 0.6189189189189189 1.8567567567567567 0.0 0.0 0.0
2.026315789473684 34.849420991902036 5.0 0.6189189189189189 1.8567567567567567 0.0 0.0 0.0
2.7894736842105265 32.84621056902799 5.0 0.6189189189189189 1.8567567567567567 0.0 0.0 0.0
3.5526315789473686 32.76092607298256 5.0 0.6189189189189189 1.8567567567567567 0.0 0.0 0.0
4.315789473684211 34.687580209373294 5.0 0.6189189189189189 1.8567567567567567 0.0 0.0 0.0
5.078947368421053 39.38389369066211 5.0 0.6189189189189189 1.8567567567567567 0.0 0.0 0.0
5.842105263157895 25.818267634215477 5.0 0.6189189189189189 1.8567567567567567 0.0 0.0 0.0
6.605263157894737 28.730816203314617 5.0 0.6189189189189189 1.8567567567567567 0.0 0.0 0.0
7.36842105263158 29.09742069342237 5.0 0.6189189189189189 1.8567567567567567 0.0 0.0 0.0
8.131578947368421 28.393487078797865 5.0 0.6189189189189189 1.8567567567567567 0.0 0.0 0.0
8.894736842105264 27.713196203134807 5.0 0.6189189189189189 1.8567567567567567 0.0 0.0 0.0
9.657894736842106 30.046986753779848 5.0 0.6189189189189189 1.8567567567567567 0.0 0.0 0.0
10.421052631578949 27.29613480007773 5.0 0.6189189189189189 1.8567567567567567 0.0 0.0 0.0
11.18421052631579 31.951073048558182 5.0 0.6189189189189189 1.8567567567567567 0.0 0.0 0.0
11.947368421052632 31.101040910231788 5.0 0.6189189189189189 1.8567567567567567 0.0 0.0 0.0
12.710526315789474 32.38903194023691 5.0 0.6189189189189189 1.8567567567567567 0.0 0.0 0.0
13.473684210526317 32.4691313008607 5.0 0.6189189189189189 1.8567567567567567 0.0 0.0 0.0
14.23684210526316 32.754966506225976 5.0 0.6189189189189189 1.8567567567567567 0.0 0.0 0.0
15.0 29.825719135474298 5.0 0.6189189189189189 1.8567567567567567 0.0 0.0 0.0
