0.5 23.644147060439476 5.0 0.5 1.5 0.0 0.0 0.0
1.263157894736842 23.002366866638692 5.0 0.5 1.5 0.0 0.0 0.0
2.026315789473684 26.30202947035032 5.0 0.5 1.5 0.0 0.0 0.0
2.7894736842105265 25.755563245885014 5.0 0.5 1.5 0.0 0.0 0.0
3.5526315789473686 20.785625357169017 5.0 0.5 1.5 0.0 0.0 0.0
4.315789473684211 28.368034763691217 5.0 0.5 1.5 0.0 0.0 0.0
5.078947368421053 24.7174162739475 5.0 0.5 1.5 0.0 0.0 0.0
5.842105263157895 21.667206714352837 5.0 0.5 1.5 0.0 0.0 0.0
6.605263157894737 28.566352343061624 5.0 0.5 1.5 0.0 0.0 0.0
7.36842105263158 26.87702671478846 5.0 0.5 1.5 0.0 0.0 0.0
8.131578947368421 21.206374024156258 5.0 0.5 1.5 0.0 0.0 0.0
8.894736842105264 30.331548520773172 5.0 0.5 1.5 0.0 0.0 0.0
9.657894736842106 26.97639210509858 5.0 0.5 1.5 0.0 0.0 0.0
10.421052631578949 24.96941165312486 5.0 0.5 1.5 0.0 0.0 0.0
11.18421052631579 29.77065641686534 5.0 0.5 1.5 0.0 0.0 0.0
11.947368421052632 25.477893351488923 5.0 0.5 1.5 0.0 0.0 0.0
12.710526315789474 24.915750774687904 5.0 0.5 1.5 0.0 0.0 0.0
13.473684210526317 23.019099651934035 5.0 0.5 1.5 0.0 0.0 0.0
14.23684210526316 26.745551317921237 5.0 0.5 1.5 0.0 0.0 0.0
15.0 26.42980890197194 5.0 0.5 1.5 0.0 0.0 0.0
