0.5 38.05261939709019 5.0 0.6337837837837837 1.9013513513513514 0.0 0.0 0.0
1.263157894736842 32.392482538635484 5.0 0.6337837837837837 1.9013513513513514 0.0 0.0 0.0
2.026315789473684 26.101734931314805 5.0 0.6337837837837837 1.9013513513513514 0.0 0.0 0.0
2.7894736842105265 28.68206195189054 5.0 0.6337837837837837 1.9013513513513514 0.0 0.0 0.0
3.5526315789473686 26.46768022210574 5.0 0.6337837837837837 1.9013513513513514 0.0 0.0 0.0
4.315789473684211 31.74119307664311 5.0 0.6337837837837837 1.9013513513513514 0.0 0.0 0.0
5.078947368421053 31.32377351702919 5.0 0.6337837837837837 1.9013513513513514 0.0 0.0 0.0
5.842105263157895 30.283912095490816 5.0 0.6337837837837837 1.9013513513513514 0.0 0.0 0.0
6.605263157894737 37.721967526390735 5.0 0.6337837837837837 1.9013513513513514 0.0 0.0 0.0
7.36842105263158 33.336137811419924 5.0 0.6337837837837837 1.9013513513513514 0.0 0.0 0.0
8.131578947368421 33.86748427352819 5.0 0.6337837837837837 1.9013513513513514 0.0 0.0 0.0
8.894736842105264 28.89596872536288 5.0 0.6337837837837837 1.9013513513513514 0.0 0.0 0.0
9.657894736842106 28.691754515196152 5.0 0.6337837837837837 1.9013513513513514 0.0 0.0 0.0
10.421052631578949 31.799605686480053 5.0 0.6337837837837837 1.9013513513513514 0.0 0.0 0.0
11.18421052631579 32.20821060814587 5.0 0.6337837837837837 1.9013513513513514 0.0 0.0 0.0
11.947368421052632 26.12025448784582 5.0 0.6337837837837837 1.9013513513513514 0.0 0.0 0.0
12.710526315789474 31.148268120640587 5.0 0.6337837837837837 1.9013513513513514 0.0 0.0 0.0
13.473684210526317 31.731405437809705 5.0 0.6337837837837837 1.9013513513513514 0.0 0.0 0.0
14.23684210526316 31.043741691875802 5.0 0.6337837837837837 1.9013513513513514 0.0 0.0 0.0
15.0 29.24901795214916 5.0 0.6337837837837837 1.9013513513513514 0.0 0.0 0.0
