0.5 29.194764654179377 5.0 0.5594594594594594 1.6783783783783783 0.0 0.0 0.0
1.263157894736842 29.134149161160202 5.0 0.5594594594594594 1.6783783783783783 0.0 0.0 0.0
2.026315789473684 24.51194822377369 5.0 0.5594594594594594 1.6783783783783783 0.0 0.0 0.0
2.7894736842105265 28.448317124472176 5.0 0.5594594594594594 1.6783783783783783 0.0 0.0 0.0
3.5526315789473686 31.04019464905439 5.0 0.5594594594594594 1.6783783783783783 0.0 0.0 0.0
4.315789473684211 30.304191849945667 5.0 0.5594594594594594 1.6783783783783783 0.0 0.0 0.0
5.078947368421053 27.68711561193117 5.0 0.5594594594594594 1.6783783783783783 0.0 0.0 0.0
5.842105263157895 26.569044033000093 5.0 0.5594594594594594 1.6783783783783783 0.0 0.0 0.0
6.605263157894737 26.08493951996946 5.0 0.5594594594594594 1.6783783783783783 0.0 0.0 0.0
7.36842105263158 29.376432321701945 5.0 0.5594594594594594 1.6783783783783783 0.0 0.0 0.0
8.131578947368421 28.558284892401637 5.0 0.5594594594594594 1.6783783783783783 0.0 0.0 0.0
8.894736842105264 29.861184991279572 5.0 0.5594594594594594 1.6783783783783783 0.0 0.0 0.0
9.657894736842106 28.368594412336428 5.0 0.5594594594594594 1.6783783783783783 0.0 0.0 0.0
10.421052631578949 30.4292648240153 5.0 0.5594594594594594 1.6783783783783783 0.0 0.0 0.0
11.18421052631579 28.256750571846073 5.0 0.5594594594594594 1.6783783783783783 0.0 0.0 0.0
11.947368421052632 30.32703912136803 5.0 0.5594594594594594 1.6783783783783783 0.0 0.0 0.0
12.710526315789474 30.58544128407289 5.0 0.5594594594594594 1.6783783783783783 0.0 0.0 0.0
13.473684210526317 25.55939308229853 5.0 0.5594594594594594 1.6783783783783783 0.0 0.0 0.0
14.23684210526316 22.548540832360736 5.0 0.5594594594594594 1.6783783783783783 0.0 0.0 0.0
15.0 32.60345154101663 5.0 0.5594594594594594 1.6783783783783783 0.0 0.0 0.0
