0.5 22.888716000484685 5.0 0.5445945945945946 1.6337837837837836 0.0 0.0 0.0
1.263157894736842 32.39680955571668 5.0 0.5445945945945946 1.6337837837837836 0.0 0.0 0.0
2.026315789473684 28.048317283807048 5.0 0.5445945945945946 1.6337837837837836 0.0 0.0 0.0
2.7894736842105265 28.36879247157168 5.0 0.5445945945945946 1.6337837837837836 0.0 0.0 0.0
3.5526315789473686 26.30266263414098 5.0 0.5445945945945946 1.6337837837837836 0.0 0.0 0.0
4.315789473684211 26.711116482399422 5.0 0.5445945945945946 1.6337837837837836 0.0 0.0 0.0
5.078947368421053 30.12338177644773 5.0 0.5445945945945946 1.6337837837837836 0.0 0.0 0.0
5.842105263157895 27.132718373644085 5.0 0.5445945945945946 1.6337837837837836 0.0 0.0 0.0
6.605263157894737 28.82181154380393 5.0 0.5445945945945946 1.6337837837837836 0.0 0.0 0.0
7.36842105263158 26.641716836194682 5.0 0.5445945945945946 1.6337837837837836 0.0 0.0 0.0
8.131578947368421 26.203271057533588 5.0 0.5445945945945946 1.6337837837837836 0.0 0.0 0.0
8.894736842105264 23.00898723292414 5.0 0.5445945945945946 1.6337837837837836 0.0 0.0 0.0
9.657894736842106 21.296482542628347 5.0 0.5445945945945946 1.6337837837837836 0.0 0.0 0.0
10.421052631578949 26.445044026530525 5.0 0.5445945945945946 1.6337837837837836 0.0 0.0 0.0
11.18421052631579 27.39921980570943 5.0 0.5445945945945946 1.6337837837837836 0.0 0.0 0.0
11.947368421052632 23.371339619603358 5.0 0.5445945945945946 1.6337837837837836 0.0 0.0 0.0
12.710526315789474 27.12630513462583 5.0 0.5445945945945946 1.6337837837837836 0.0 0.0 0.0
13.473684210526317 27.390987418701236 5.0 0.5445945945945946 1.6337837837837836 0.0 0.0 0.0
14.23684210526316 20.761705711551592 5.0 0.5445945945945946 1.6337837837837836 0.0 0.0 0.0
15.0 24.484355751291226 5.0 0.5445945945945946 1.6337837837837836 0.0 0.0 0.0
