0.5 42.07352156669172 5.0 0.7527027027027028 2.2581081081081082 0.0 0.0 0.0
1.263157894736842 37.0649201164329 5.0 0.7527027027027028 2.2581081081081082 0.0 0.0 0.0
2.026315789473684 31.470851212109256 5.0 0.7527027027027028 2.2581081081081082 0.0 0.0 0.0
2.7894736842105265 37.06937673611711 5.0 0.7527027027027028 2.2581081081081082 0.0 0.0 0.0
3.5526315789473686 40.070342265124644 5.0 0.7527027027027028 2.2581081081081082 0.0 0.0 0.0
4.315789473684211 34.72573394978991 5.0 0.7527027027027028 2.2581081081081082 0.0 0.0 0.0
5.078947368421053 37.10603728366715 5.0 0.7527027027027028 2.2581081081081082 0.0 0.0 0.0
5.842105263157895 35.5598259061282 5.0 0.7527027027027028 2.2581081081081082 0.0 0.0 0.0
6.605263157894737 42.14122289066453 5.0 0.7527027027027028 2.2581081081081082 0.0 0.0 0.0
7.36842105263158 39.883506181354825 5.0 0.7527027027027028 2.2581081081081082 0.0 0.0 0.0
8.131578947368421 39.58975699706701 5.0 0.7527027027027028 2.2581081081081082 0.0 0.0 0.0
8.894736842105264 39.49993907449805 5.0 0.7527027027027028 2.2581081081081082 0.0 0.0 0.0
9.657894736842106 37.523387377478755 5.0 0.7527027027027028 2.2581081081081082 0.0 0.0 0.0
10.421052631578949 38.227803982717646 5.0 0.7527027027027028 2.2581081081081082 0.0 0.0 0.0
11.18421052631579 34.079581393538184 5.0 0.7527027027027028 2.2581081081081082 0.0 0.0 0.0
11.947368421052632 31.075809198883434 5.0 0.7527027027027028 2.2581081081081082 0.0 0.0 0.0
12.710526315789474 38.08537852617021 5.0 0.7527027027027028 2.2581081081081082 0.0 0.0 0.0
13.473684210526317 38.60710590395157 5.0 0.7527027027027028 2.2581081081081082 0.0 0.0 0.0
14.23684210526316 41.26292884041127 5.0 0.7527027027027028 2.2581081081081082 0.0 0.0 0.0
15.0 42.34914258338224 5.0 0.7527027027027028 2.2581081081081082 0.0 0.0 0.0
