0.5 33.45371401376269 5.0 0.6635135135135135 1.9905405405405405 0.0 0.0 0.0
1.263157894736842 30.87060869703194 5.0 0.6635135135135135 1.9905405405405405 0.0 0.0 0.0
2.026315789473684 33.43365611791855 5.0 0.6635135135135135 1.9905405405405405 0.0 0.0 0.0
2.7894736842105265 30.793545050579116 5.0 0.6635135135135135 1.9905405405405405 0.0 0.0 0.0
3.5526315789473686 29.87670063814265 5.0 0.6635135135135135 1.9905405405405405 0.0 0.0 0.0
4.315789473684211 33.87857075680637 5.0 0.6635135135135135 1.9905405405405405 0.0 0.0 0.0
5.078947368421053 33.62844025609517 5.0 0.6635135135135135 1.9905405405405405 0.0 0.0 0.0
5.842105263157895 34.91352158963848 5.0 0.6635135135135135 1.9905405405405405 0.0 0.0 0.0
6.605263157894737 39.733266974928554 5.0 0.6635135135135135 1.9905405405405405 0.0 0.0 0.0
7.36842105263158 34.00754426930822 5.0 0.6635135135135135 1.9905405405405405 0.0 0.0 0.0
8.131578947368421 34.63092097686807 5.0 0.6635135135135135 1.9905405405405405 0.0 0.0 0.0
8.894736842105264 29.9429916890737 5.0 0.6635135135135135 1.9905405405405405 0.0 0.0 0.0
9.657894736842106 29.314953354066553 5.0 0.6635135135135135 1.9905405405405405 0.0 0.0 0.0
10.421052631578949 37.92416401599568 5.0 0.6635135135135135 1.9905405405405405 0.0 0.0 0.0
11.18421052631579 30.405236335875767 5.0 0.6635135135135135 1.9905405405405405 0.0 0.0 0.0
11.947368421052632 30.043843461269752 5.0 0.6635135135135135 1.9905405405405405 0.0 0.0 0.0
12.710526315789474 33.058378912026015 5.0 0.6635135135135135 1.9905405405405405 0.0 0.0 0.0
13.473684210526317 32.905098435543515 5.0 0.6635135135135135 1.9905405405405405 0.0 0.0 0.0
14.23684210526316 30.468156156345803 5.0 0.6635135135135135 1.9905405405405405 0.0 0.0 0.0
15.0 32.26075601953638 5.0 0.6635135135135135 1.9905405405405405 0.0 0.0 0.0
