0.5 38.300509634168314 5.0 0.7824324324324324 2.347297297297297 0.0 0.0 0.0
1.263157894736842 41.492643366975734 5.0 0.7824324324324324 2.347297297297297 0.0 0.0 0.0
2.026315789473684 34.5230269865635 5.0 0.7824324324324324 2.347297297297297 0.0 0.0 0.0
2.7894736842105265 37.57057894675854 5.0 0.7824324324324324 2.347297297297297 0.0 0.0 0.0
3.5526315789473686 41.173735360973765 5.0 0.7824324324324324 2.347297297297297 0.0 0.0 0.0
4.315789473684211 37.279367295588514 5.0 0.7824324324324324 2.347297297297297 0.0 0.0 0.0
5.078947368421053 34.2952014938117 5.0 0.7824324324324324 2.347297297297297 0.0 0.0 0.0
5.842105263157895 41.127287651391825 5.0 0.7824324324324324 2.347297297297297 0.0 0.0 0.0
6.605263157894737 42.49090551294624 5.0 0.7824324324324324 2.347297297297297 0.0 0.0 0.0
7.36842105263158 38.9866359986926 5.0 0.7824324324324324 2.347297297297297 0.0 0.0 0.0
8.131578947368421 33.23908482621302 5.0 0.7824324324324324 2.347297297297297 0.0 0.0 0.0
8.894736842105264 41.239530861718066 5.0 0.7824324324324324 2.347297297297297 0.0 0.0 0.0
9.657894736842106 34.14195797736256 5.0 0.7824324324324324 2.347297297297297 0.0 0.0 0.0
10.421052631578949 40.048019452166116 5.0 0.7824324324324324 2.347297297297297 0.0 0.0 0.0
11.18421052631579 36.45923014739514 5.0 0.7824324324324324 2.347297297297297 0.0 0.0 0.0
11.947368421052632 35.64210376432072 5.0 0.7824324324324324 2.347297297297297 0.0 0.0 0.0
12.710526315789474 37.79589157038255 5.0 0.7824324324324324 2.347297297297297 0.0 0.0 0.0
13.473684210526317 38.57172895233984 5.0 0.7824324324324324 2.347297297297297 0.0 0.0 0.0
14.23684210526316 37.188996870462276 5.0 0.7824324324324324 2.347297297297297 0.0 0.0 0.0
15.0 40.887731456267076 5.0 0.7824324324324324 2.347297297297297 0.0 0.0 0.0
