0.5 34.67798219853232 5.0 0.7229729729729729 2.168918918918919 0.0 0.0 0.0
1.263157894736842 33.47858639935784 5.0 0.7229729729729729 2.168918918918919 0.0 0.0 0.0
2.026315789473684 27.860622131627416 5.0 0.7229729729729729 2.168918918918919 0.0 0.0 0.0
2.7894736842105265 34.844550227479246 5.0 0.7229729729729729 2.168918918918919 0.0 0.0 0.0
3.5526315789473686 37.25672282774836 5.0 0.7229729729729729 2.168918918918919 0.0 0.0 0.0
4.315789473684211 34.66898311213092 5.0 0.7229729729729729 2.168918918918919 0.0 0.0 0.0
5.078947368421053 41.954792199235975 5.0 0.7229729729729729 2.168918918918919 0.0 0.0 0.0
5.842105263157895 36.18877608679623 5.0 0.7229729729729729 2.168918918918919 0.0 0.0 0.0
6.605263157894737 40.02173581420105 5.0 0.7229729729729729 2.168918918918919 0.0 0.0 0.0
7.36842105263158 36.93290988683855 5.0 0.7229729729729729 2.168918918918919 0.0 0.0 0.0
8.131578947368421 38.62787057832842 5.0 0.7229729729729729 2.168918918918919 0.0 0.0 0.0
8.894736842105264 36.98637331044933 5.0 0.7229729729729729 2.168918918918919 0.0 0.0 0.0
9.657894736842106 40.255002544359336 5.0 0.7229729729729729 2.168918918918919 0.0 0.0 0.0
10.421052631578949 36.31646669904585 5.0 0.7229729729729729 2.168918918918919 0.0 0.0 0.0
11.18421052631579 37.637010772915005 5.0 0.7229729729729729 2.168918918918919 0.0 0.0 0.0
11.947368421052632 37.24764744959877 5.0 0.7229729729729729 2.168918918918919 0.0 0.0 0.0
12.710526315789474 35.28379227426669 5.0 0.7229729729729729 2.168918918918919 0.0 0.0 0.0
13.473684210526317 37.363595605422674 5.0 0.7229729729729729 2.168918918918919 0.0 0.0 0.0
14.23684210526316 42.85180738724169 5.0 0.7229729729729729 2.168918918918919 0.0 0.0 0.0
15.0 35.33745782236232 5.0 0.7229729729729729 2.168918918918919 0.0 0.0 0.0
