0.5 30.813826886669016 5.0 0.6486486486486487 1.945945945945946 0.0 0.0 0.0
1.263157894736842 31.90185485171405 5.0 0.6486486486486487 1.945945945945946 0.0 0.0 0.0
2.026315789473684 32.70483250326258 5.0 0.6486486486486487 1.945945945945946 0.0 0.0 0.0
2.7894736842105265 34.24680718008414 5.0 0.6486486486486487 1.945945945945946 0.0 0.0 0.0
3.5526315789473686 35.67500104728505 5.0 0.6486486486486487 1.945945945945946 0.0 0.0 0.0
4.315789473684211 31.549389261850685 5.0 0.6486486486486487 1.945945945945946 0.0 0.0 0.0
5.078947368421053 31.063963844086363 5.0 0.6486486486486487 1.945945945945946 0.0 0.0 0.0
5.842105263157895 33.745399453035354 5.0 0.6486486486486487 1.945945945945946 0.0 0.0 0.0
6.605263157894737 34.264967181665 5.0 0.6486486486486487 1.945945945945946 0.0 0.0 0.0
7.36842105263158 31.129831132655777 5.0 0.6486486486486487 1.945945945945946 0.0 0.0 0.0
8.131578947368421 34.803612863330954 5.0 0.6486486486486487 1.945945945945946 0.0 0.0 0.0
8.894736842105264 35.37118845590035 5.0 0.6486486486486487 1.945945945945946 0.0 0.0 0.0
9.657894736842106 36.307491829408455 5.0 0.6486486486486487 1.945945945945946 0.0 0.0 0.0
10.421052631578949 37.7673951525919 5.0 0.6486486486486487 1.945945945945946 0.0 0.0 0.0
11.18421052631579 29.83318401645412 5.0 0.6486486486486487 1.945945945945946 0.0 0.0 0.0
11.947368421052632 32.47412706042997 5.0 0.6486486486486487 1.945945945945946 0.0 0.0 0.0
12.710526315789474 32.46626552228842 5.0 0.6486486486486487 1.945945945945946 0.0 0.0 0.0
13.473684210526317 32.13821172683491 5.0 0.6486486486486487 1.945945945945946 0.0 0.0 0.0
14.23684210526316 30.484643673602026 5.0 0.6486486486486487 1.945945945945946 0.0 0.0 0.0
15.0 27.97574642273922 5.0 0.6486486486486487 1.945945945945946 0.0 0.0 0.0
