0.5 39.11114757033622 5.0 0.7081081081081081 2.124324324324324 0.0 0.0 0.0
1.263157894736842 35.445472180036425 5.0 0.7081081081081081 2.124324324324324 0.0 0.0 0.0
2.026315789473684 38.72022687227858 5.0 0.7081081081081081 2.124324324324324 0.0 0.0 0.0
2.7894736842105265 36.236281431063496 5.0 0.7081081081081081 2.124324324324324 0.0 0.0 0.0
3.5526315789473686 36.78108281404191 5.0 0.7081081081081081 2.124324324324324 0.0 0.0 0.0
4.315789473684211 36.49443314854895 5.0 0.7081081081081081 2.124324324324324 0.0 0.0 0.0
5.078947368421053 37.4978703411684 5.0 0.7081081081081081 2.124324324324324 0.0 0.0 0.0
5.842105263157895 42.2376967510737 5.0 0.7081081081081081 2.124324324324324 0.0 0.0 0.0
6.605263157894737 38.31842441328297 5.0 0.7081081081081081 2.124324324324324 0.0 0.0 0.0
7.36842105263158 30.664387451868798 5.0 0.7081081081081081 2.124324324324324 0.0 0.0 0.0
8.131578947368421 36.74538995124212 5.0 0.7081081081081081 2.124324324324324 0.0 0.0 0.0
8.894736842105264 38.829847709715054 5.0 0.7081081081081081 2.124324324324324 0.0 0.0 0.0
9.657894736842106 39.01350782501384 5.0 0.7081081081081081 2.124324324324324 0.0 0.0 0.0
10.421052631578949 34.1255904562281 5.0 0.7081081081081081 2.124324324324324 0.0 0.0 0.0
11.18421052631579 38.90023874096978 5.0 0.7081081081081081 2.124324324324324 0.0 0.0 0.0
11.947368421052632 38.188632604059016 5.0 0.7081081081081081 2.124324324324324 0.0 0.0 0.0
12.710526315789474 43.122957716314595 5.0 0.7081081081081081 2.124324324324324 0.0 0.0 0.0
13.473684210526317 33.15540019665987 5.0 0.7081081081081081 2.124324324324324 0.0 0.0 0.0
14.23684210526316 33.883203676204126 5.0 0.7081081081081081 2.124324324324324 0.0 0.0 0.0
15.0 34.48704826002554 5.0 0.7081081081081081 2.124324324324324 0.0 0.0 0.0
