0.5 43.08837383337522 5.0 0.7675675675675676 2.3027027027027027 0.0 0.0 0.0
1.263157894736842 35.38430759849675 5.0 0.7675675675675676 2.3027027027027027 0.0 0.0 0.0
2.026315789473684 37.32158327352907 5.0 0.7675675675675676 2.3027027027027027 0.0 0.0 0.0
2.7894736842105265 39.81938126602252 5.0 0.7675675675675676 2.3027027027027027 0.0 0.0 0.0
3.5526315789473686 45.974092411604914 5.0 0.7675675675675676 2.3027027027027027 0.0 0.0 0.0
4.315789473684211 42.81867598952013 5.0 0.7675675675675676 2.3027027027027027 0.0 0.0 0.0
5.078947368421053 41.73656986437352 5.0 0.7675675675675676 2.3027027027027027 0.0 0.0 0.0
5.842105263157895 37.21501451173051 5.0 0.7675675675675676 2.3027027027027027 0.0 0.0 0.0
6.605263157894737 35.728779484913005 5.0 0.7675675675675676 2.3027027027027027 0.0 0.0 0.0
7.36842105263158 40.745102028528095 5.0 0.7675675675675676 2.3027027027027027 0.0 0.0 0.0
8.131578947368421 35.0763945856753 5.0 0.7675675675675676 2.3027027027027027 0.0 0.0 0.0
8.894736842105264 37.66306932543747 5.0 0.7675675675675676 2.3027027027027027 0.0 0.0 0.0
9.657894736842106 38.03404453137261 5.0 0.7675675675675676 2.3027027027027027 0.0 0.0 0.0
10.421052631578949 43.1571146457468 5.0 0.7675675675675676 2.3027027027027027 0.0 0.0 0.0
11.18421052631579 37.31428646949934 5.0 0.7675675675675676 2.3027027027027027 0.0 0.0 0.0
11.947368421052632 31.060629462660533 5.0 0.7675675675675676 2.3027027027027027 0.0 0.0 0.0
12.710526315789474 39.89171232136579 5.0 0.7675675675675676 2.3027027027027027 0.0 0.0 0.0
13.473684210526317 36.2813128190666 5.0 0.7675675675675676 2.3027027027027027 0.0 0.0 0.0
14.23684210526316 38.50627145169162 5.0 0.7675675675675676 2.3027027027027027 0.0 0.0 0.0
15.0 38.118264275852006 5.0 0.7675675675675676 2.3027027027027027 0.0 0.0 0.0
