0.5 27.53029068697222 5.0 0.6932432432432433 2.0797297297297295 0.0 0.0 0.0
1.263157894736842 32.30782442069419 5.0 0.6932432432432433 2.0797297297297295 0.0 0.0 0.0
2.026315789473684 35.076777550222005 5.0 0.6932432432432433 2.0797297297297295 0.0 0.0 0.0
2.7894736842105265 34.0772225038028 5.0 0.6932432432432433 2.0797297297297295 0.0 0.0 0.0
3.5526315789473686 36.094994351432476 5.0 0.6932432432432433 2.0797297297297295 0.0 0.0 0.0
4.315789473684211 37.03026182917128 5.0 0.6932432432432433 2.0797297297297295 0.0 0.0 0.0
5.078947368421053 36.4875173714512 5.0 0.6932432432432433 2.0797297297297295 0.0 0.0 0.0
5.842105263157895 34.019337334498765 5.0 0.6932432432432433 2.0797297297297295 0.0 0.0 0.0
6.605263157894737 29.12315112880072 5.0 0.6932432432432433 2.0797297297297295 0.0 0.0 0.0
7.36842105263158 33.29571841559771 5.0 0.6932432432432433 2.0797297297297295 0.0 0.0 0.0
8.131578947368421 35.91126660657903 5.0 0.6932432432432433 2.0797297297297295 0.0 0.0 0.0
8.894736842105264 31.390820404510727 5.0 0.6932432432432433 2.0797297297297295 0.0 0.0 0.0
9.657894736842106 36.55598635252689 5.0 0.6932432432432433 2.0797297297297295 0.0 0.0 0.0
10.421052631578949 37.387342053964076 5.0 0.6932432432432433 2.0797297297297295 0.0 0.0 0.0
11.18421052631579 35.042763091049686 5.0 0.6932432432432433 2.0797297297297295 0.0 0.0 0.0
11.947368421052632 25.470822563224974 5.0 0.6932432432432433 2.0797297297297295 0.0 0.0 0.0
12.710526315789474 30.82789707402675 5.0 0.6932432432432433 2.0797297297297295 0.0 0.0 0.0
13.473684210526317 40.320729637830404 5.0 0.6932432432432433 2.0797297297297295 0.0 0.0 0.0
14.23684210526316 33.02254878307703 5.0 0.6932432432432433 2.0797297297297295 0.0 0.0 0.0
15.0 28.709732492775174 5.0 0.6932432432432433 2.0797297297297295 0.0 0.0 0.0
