0.5 37.607046071869235 5.0 0.6783783783783784 2.035135135135135 0.0 0.0 0.0
1.263157894736842 31.500938092423524 5.0 0.6783783783783784 2.035135135135135 0.0 0.0 0.0
2.026315789473684 29.737901465820404 5.0 0.6783783783783784 2.035135135135135 0.0 0.0 0.0
2.7894736842105265 36.7466997816183 5.0 0.6783783783783784 2.035135135135135 0.0 0.0 0.0
3.5526315789473686 35.39580965473303 5.0 0.6783783783783784 2.035135135135135 0.0 0.0 0.0
4.315789473684211 32.05736305697293 5.0 0.6783783783783784 2.035135135135135 0.0 0.0 0.0
5.078947368421053 29.172417870538165 5.0 0.6783783783783784 2.035135135135135 0.0 0.0 0.0
5.842105263157895 31.68504884960323 5.0 0.6783783783783784 2.035135135135135 0.0 0.0 0.0
6.605263157894737 33.75480560837111 5.0 0.6783783783783784 2.035135135135135 0.0 0.0 0.0
7.36842105263158 37.41593518857037 5.0 0.6783783783783784 2.035135135135135 0.0 0.0 0.0
8.131578947368421 30.809172994309947 5.0 0.6783783783783784 2.035135135135135 0.0 0.0 0.0
8.894736842105264 33.6653592743845 5.0 0.6783783783783784 2.035135135135135 0.0 0.0 0.0
9.657894736842106 35.94435289860361 5.0 0.6783783783783784 2.035135135135135 0.0 0.0 0.0
10.421052631578949 26.775116898553158 5.0 0.6783783783783784 2.035135135135135 0.0 0.0 0.0
11.18421052631579 37.02027742273562 5.0 0.6783783783783784 2.035135135135135 0.0 0.0 0.0
11.947368421052632 30.37156720229961 5.0 0.6783783783783784 2.035135135135135 0.0 0.0 0.0
12.710526315789474 34.91490539928972 5.0 0.6783783783783784 2.035135135135135 0.0 0.0 0.0
13.473684210526317 34.65896836775115 5.0 0.6783783783783784 2.035135135135135 0.0 0.0 0.0
14.23684210526316 37.17267809331045 5.0 0.6783783783783784 2.035135135135135 0.0 0.0 0.0
15.0 35.57169206159954 5.0 0.6783783783783784 2.035135135135135 0.0 0.0 0.0
