0.5 143.07326440563068 5.0 45.09090909090909 112.72727272727273 0.0 0.0 0.0
1.263157894736842 146.83398732223432 5.0 45.09090909090909 112.72727272727273 0.0 0.0 0.0
2.026315789473684 149.42169354257393 5.0 45.09090909090909 112.72727272727273 0.0 0.0 0.0
2.7894736842105265 147.08663123874973 5.0 45.09090909090909 112.72727272727273 0.0 0.0 0.0
3.5526315789473686 152.4462197509223 5.0 45.09090909090909 112.72727272727273 0.0 0.0 0.0
4.315789473684211 156.2949198952743 5.0 45.09090909090909 112.72727272727273 0.0 0.0 0.0
5.078947368421053 146.7731861447424 5.0 45.09090909090909 112.72727272727273 0.0 0.0 0.0
5.842105263157895 147.79064009077473 5.0 45.09090909090909 112.72727272727273 0.0 0.0 0.0
6.605263157894737 151.0093754079601 5.0 45.09090909090909 112.72727272727273 0.0 0.0 0.0
7.36842105263158 155.13637874852918 5.0 45.09090909090909 112.72727272727273 0.0 0.0 0.0
8.131578947368421 146.6359073654106 5.0 45.09090909090909 112.72727272727273 0.0 0.0 0.0
8.894736842105264 151.05013866995114 5.0 45.09090909090909 112.72727272727273 0.0 0.0 0.0
9.657894736842106 155.76692685546965 5.0 45.09090909090909 112.72727272727273 0.0 0.0 0.0
10.421052631578949 145.3477528584925 5.0 45.09090909090909 112.72727272727273 0.0 0.0 0.0
11.18421052631579 146.4598226824928 5.0 45.09090909090909 112.72727272727273 0.0 0.0 0.0
11.947368421052632 149.0322104836478 5.0 45.09090909090909 112.72727272727273 0.0 0.0 0.0
12.710526315789474 148.74126506446407 5.0 45.09090909090909 112.72727272727273 0.0 0.0 0.0
13.473684210526317 152.74083416629125 5.0 45.09090909090909 112.72727272727273 0.0 0.0 0.0
14.23684210526316 151.02800946249283 5.0 45.09090909090909 112.72727272727273 0.0 0.0 0.0
15.0 144.97814412410392 5.0 45.09090909090909 112.72727272727273 0.0 0.0 0.0
