0.5 38.3163553944762 5.0 0.841891891891892 2.5256756756756755 0.0 0.0 0.0
1.263157894736842 38.155091439994784 5.0 0.841891891891892 2.5256756756756755 0.0 0.0 0.0
2.026315789473684 41.63076231873487 5.0 0.841891891891892 2.5256756756756755 0.0 0.0 0.0
2.7894736842105265 38.527954133801785 5.0 0.841891891891892 2.5256756756756755 0.0 0.0 0.0
3.5526315789473686 39.986329715130985 5.0 0.841891891891892 2.5256756756756755 0.0 0.0 0.0
4.315789473684211 39.77233693964845 5.0 0.841891891891892 2.5256756756756755 0.0 0.0 0.0
5.078947368421053 40.773071012050615 5.0 0.841891891891892 2.5256756756756755 0.0 0.0 0.0
5.842105263157895 46.062107589163965 5.0 0.841891891891892 2.5256756756756755 0.0 0.0 0.0
6.605263157894737 44.080437362886144 5.0 0.841891891891892 2.5256756756756755 0.0 0.0 0.0
7.36842105263158 42.14298284042261 5.0 0.841891891891892 2.5256756756756755 0.0 0.0 0.0
8.131578947368421 40.71151575285208 5.0 0.841891891891892 2.5256756756756755 0.0 0.0 0.0
8.894736842105264 40.79489662472553 5.0 0.841891891891892 2.5256756756756755 0.0 0.0 0.0
9.657894736842106 43.077834004450445 5.0 0.841891891891892 2.5256756756756755 0.0 0.0 0.0
10.421052631578949 43.84710181465147 5.0 0.841891891891892 2.5256756756756755 0.0 0.0 0.0
11.18421052631579 39.3717420762928 5.0 0.841891891891892 2.5256756756756755 0.0 0.0 0.0
11.947368421052632 42.20403686143729 5.0 0.841891891891892 2.5256756756756755 0.0 0.0 0.0
12.710526315789474 35.999735888605514 5.0 0.841891891891892 2.5256756756756755 0.0 0.0 0.0
13.473684210526317 42.729735947106384 5.0 0.841891891891892 2.5256756756756755 0.0 0.0 0.0
14.23684210526316 44.381042320470655 5.0 0.841891891891892 2.5256756756756755 0.0 0.0 0.0
15.0 41.25438871395197 5.0 0.841891891891892 2.5256756756756755 0.0 0.0 0.0
