0.5 41.561690827551004 5.0 0.8270270270270271 2.481081081081081 0.0 0.0 0.0
1.263157894736842 43.0648735502245 5.0 0.8270270270270271 2.481081081081081 0.0 0.0 0.0
2.026315789473684 38.43649503231247 5.0 0.8270270270270271 2.481081081081081 0.0 0.0 0.0
2.7894736842105265 43.57042887659012 5.0 0.8270270270270271 2.481081081081081 0.0 0.0 0.0
3.5526315789473686 43.8093806425306 5.0 0.8270270270270271 2.481081081081081 0.0 0.0 0.0
4.315789473684211 49.16223024760259 5.0 0.8270270270270271 2.481081081081081 0.0 0.0 0.0
5.078947368421053 40.223038779672606 5.0 0.8270270270270271 2.481081081081081 0.0 0.0 0.0
5.842105263157895 39.977105946346974 5.0 0.8270270270270271 2.481081081081081 0.0 0.0 0.0
6.605263157894737 43.65824896607259 5.0 0.8270270270270271 2.481081081081081 0.0 0.0 0.0
7.36842105263158 43.80866385808777 5.0 0.8270270270270271 2.481081081081081 0.0 0.0 0.0
8.131578947368421 39.74608989122122 5.0 0.8270270270270271 2.481081081081081 0.0 0.0 0.0
8.894736842105264 40.14186332056121 5.0 0.8270270270270271 2.481081081081081 0.0 0.0 0.0
9.657894736842106 42.974743866005475 5.0 0.8270270270270271 2.481081081081081 0.0 0.0 0.0
10.421052631578949 38.86859862914737 5.0 0.8270270270270271 2.481081081081081 0.0 0.0 0.0
11.18421052631579 40.11974938730631 5.0 0.8270270270270271 2.481081081081081 0.0 0.0 0.0
11.947368421052632 41.62012965345666 5.0 0.8270270270270271 2.481081081081081 0.0 0.0 0.0
12.710526315789474 44.33916740581813 5.0 0.8270270270270271 2.481081081081081 0.0 0.0 0.0
13.473684210526317 39.53755550281273 5.0 0.8270270270270271 2.481081081081081 0.0 0.0 0.0
14.23684210526316 35.82419796525934 5.0 0.8270270270270271 2.481081081081081 0.0 0.0 0.0
15.0 35.60155894879672 5.0 0.8270270270270271 2.481081081081081 0.0 0.0 0.0
