0.5 46.88768013276522 5.0 0.9162162162162162 2.7486486486486483 0.0 0.0 0.0
1.263157894736842 45.948985226542156 5.0 0.9162162162162162 2.7486486486486483 0.0 0.0 0.0
2.026315789473684 49.7952806734982 5.0 0.9162162162162162 2.7486486486486483 0.0 0.0 0.0
2.7894736842105265 50.8579615668311 5.0 0.9162162162162162 2.7486486486486483 0.0 0.0 0.0
3.5526315789473686 49.211516919437685 5.0 0.9162162162162162 2.7486486486486483 0.0 0.0 0.0
4.315789473684211 42.986198004121405 5.0 0.9162162162162162 2.7486486486486483 0.0 0.0 0.0
5.078947368421053 46.41484537045557 5.0 0.9162162162162162 2.7486486486486483 0.0 0.0 0.0
5.842105263157895 47.129359243685094 5.0 0.9162162162162162 2.7486486486486483 0.0 0.0 0.0
6.605263157894737 40.381959904059116 5.0 0.9162162162162162 2.7486486486486483 0.0 0.0 0.0
7.36842105263158 47.21889278967313 5.0 0.9162162162162162 2.7486486486486483 0.0 0.0 0.0
8.131578947368421 52.629786288748974 5.0 0.9162162162162162 2.7486486486486483 0.0 0.0 0.0
8.894736842105264 47.73061930821318 5.0 0.9162162162162162 2.7486486486486483 0.0 0.0 0.0
9.657894736842106 50.23105005513607 5.0 0.9162162162162162 2.7486486486486483 0.0 0.0 0.0
10.421052631578949 46.359555001196924 5.0 0.9162162162162162 2.7486486486486483 0.0 0.0 0.0
11.18421052631579 45.59115583885934 5.0 0.9162162162162162 2.7486486486486483 0.0 0.0 0.0
11.947368421052632 46.95462498105373 5.0 0.9162162162162162 2.7486486486486483 0.0 0.0 0.0
12.710526315789474 43.36333086685751 5.0 0.9162162162162162 2.7486486486486483 0.0 0.0 0.0
13.473684210526317 42.91948524910764 5.0 0.9162162162162162 2.7486486486486483 0.0 0.0 0.0
14.23684210526316 49.6097244823189 5.0 0.9162162162162162 2.7486486486486483 0.0 0.0 0.0
15.0 49.92783783941036 5.0 0.9162162162162162 2.7486486486486483 0.0 0.0 0.0
