0.5 38.52665672948836 5.0 0.7972972972972973 2.3918918918918917 0.0 0.0 0.0
1.263157894736842 42.805437479880325 5.0 0.7972972972972973 2.3918918918918917 0.0 0.0 0.0
2.026315789473684 40.708384361795304 5.0 0.7972972972972973 2.3918918918918917 0.0 0.0 0.0
2.7894736842105265 37.77219324507594 5.0 0.7972972972972973 2.3918918918918917 0.0 0.0 0.0
3.5526315789473686 37.26704521336801 5.0 0.7972972972972973 2.3918918918918917 0.0 0.0 0.0
4.315789473684211 34.922375967722544 5.0 0.7972972972972973 2.3918918918918917 0.0 0.0 0.0
5.078947368421053 40.73706439846533 5.0 0.7972972972972973 2.3918918918918917 0.0 0.0 0.0
5.842105263157895 38.80110222311079 5.0 0.7972972972972973 2.3918918918918917 0.0 0.0 0.0
6.605263157894737 32.74827828067432 5.0 0.7972972972972973 2.3918918918918917 0.0 0.0 0.0
7.36842105263158 38.257720246556666 5.0 0.7972972972972973 2.3918918918918917 0.0 0.0 0.0
8.131578947368421 37.16176277710001 5.0 0.7972972972972973 2.3918918918918917 0.0 0.0 0.0
8.894736842105264 44.591897641376846 5.0 0.7972972972972973 2.3918918918918917 0.0 0.0 0.0
9.657894736842106 34.75652902918493 5.0 0.7972972972972973 2.3918918918918917 0.0 0.0 0.0
10.421052631578949 35.540812465662704 5.0 0.7972972972972973 2.3918918918918917 0.0 0.0 0.0
11.18421052631579 43.19477379418196 5.0 0.7972972972972973 2.3918918918918917 0.0 0.0 0.0
11.947368421052632 43.935154337256755 5.0 0.7972972972972973 2.3918918918918917 0.0 0.0 0.0
12.710526315789474 37.62991604868794 5.0 0.7972972972972973 2.3918918918918917 0.0 0.0 0.0
13.473684210526317 37.96860739643813 5.0 0.7972972972972973 2.3918918918918917 0.0 0.0 0.0
14.23684210526316 41.7135710545248 5.0 0.7972972972972973 2.3918918918918917 0.0 0.0 0.0
15.0 32.883565474028934 5.0 0.7972972972972973 2.3918918918918917 0.0 0.0 0.0
