0.5 48.287418826258154 5.0 0.8567567567567568 2.5702702702702704 0.0 0.0 0.0
1.263157894736842 40.19412249552969 5.0 0.8567567567567568 2.5702702702702704 0.0 0.0 0.0
2.026315789473684 43.49015908374762 5.0 0.8567567567567568 2.5702702702702704 0.0 0.0 0.0
2.7894736842105265 42.730363597839975 5.0 0.8567567567567568 2.5702702702702704 0.0 0.0 0.0
3.5526315789473686 42.53694483550761 5.0 0.8567567567567568 2.5702702702702704 0.0 0.0 0.0
4.315789473684211 42.494871333823596 5.0 0.8567567567567568 2.5702702702702704 0.0 0.0 0.0
5.078947368421053 43.15915292786625 5.0 0.8567567567567568 2.5702702702702704 0.0 0.0 0.0
5.842105263157895 45.38171406822894 5.0 0.8567567567567568 2.5702702702702704 0.0 0.0 0.0
6.605263157894737 46.97104654666207 5.0 0.8567567567567568 2.5702702702702704 0.0 0.0 0.0
7.36842105263158 42.83108710432537 5.0 0.8567567567567568 2.5702702702702704 0.0 0.0 0.0
8.131578947368421 45.28378605435274 5.0 0.8567567567567568 2.5702702702702704 0.0 0.0 0.0
8.894736842105264 40.73253699903749 5.0 0.8567567567567568 2.5702702702702704 0.0 0.0 0.0
9.657894736842106 45.13570419601654 5.0 0.8567567567567568 2.5702702702702704 0.0 0.0 0.0
10.421052631578949 40.55186326635687 5.0 0.8567567567567568 2.5702702702702704 0.0 0.0 0.0
11.18421052631579 46.109817646102236 5.0 0.8567567567567568 2.5702702702702704 0.0 0.0 0.0
11.947368421052632 49.469760470017555 5.0 0.8567567567567568 2.5702702702702704 0.0 0.0 0.0
12.710526315789474 42.47158617392366 5.0 0.8567567567567568 2.5702702702702704 0.0 0.0 0.0
13.473684210526317 36.26020736541561 5.0 0.8567567567567568 2.5702702702702704 0.0 0.0 0.0
14.23684210526316 41.19361903810337 5.0 0.8567567567567568 2.5702702702702704 0.0 0.0 0.0
15.0 46.53346324070575 5.0 0.8567567567567568 2.5702702702702704 0.0 0.0 0.0
