0.5 46.508291025102864 5.0 0.9013513513513514 2.704054054054054 0.0 0.0 0.0
1.263157894736842 46.29075267642168 5.0 0.9013513513513514 2.704054054054054 0.0 0.0 0.0
2.026315789473684 44.10594643255492 5.0 0.9013513513513514 2.704054054054054 0.0 0.0 0.0
2.7894736842105265 47.43001568072414 5.0 0.9013513513513514 2.704054054054054 0.0 0.0 0.0
3.5526315789473686 44.930893187303944 5.0 0.9013513513513514 2.704054054054054 0.0 0.0 0.0
4.315789473684211 43.606226885122034 5.0 0.9013513513513514 2.704054054054054 0.0 0.0 0.0
5.078947368421053 44.131893630801365 5.0 0.9013513513513514 2.704054054054054 0.0 0.0 0.0
5.842105263157895 51.12948666389506 5.0 0.9013513513513514 2.704054054054054 0.0 0.0 0.0
6.605263157894737 39.86263932143127 5.0 0.9013513513513514 2.704054054054054 0.0 0.0 0.0
7.36842105263158 46.56693188045496 5.0 0.9013513513513514 2.704054054054054 0.0 0.0 0.0
8.131578947368421 40.030236284696414 5.0 0.9013513513513514 2.704054054054054 0.0 0.0 0.0
8.894736842105264 44.742867552598646 5.0 0.9013513513513514 2.704054054054054 0.0 0.0 0.0
9.657894736842106 43.766685112105 5.0 0.9013513513513514 2.704054054054054 0.0 0.0 0.0
10.421052631578949 38.81248267752793 5.0 0.9013513513513514 2.704054054054054 0.0 0.0 0.0
11.18421052631579 46.234680338868856 5.0 0.9013513513513514 2.704054054054054 0.0 0.0 0.0
11.947368421052632 43.927453380990976 5.0 0.9013513513513514 2.704054054054054 0.0 0.0 0.0
12.710526315789474 38.769948539883835 5.0 0.9013513513513514 2.704054054054054 0.0 0.0 0.0
13.473684210526317 47.58627183989032 5.0 0.9013513513513514 2.704054054054054 0.0 0.0 0.0
14.23684210526316 49.37258610153437 5.0 0.9013513513513514 2.704054054054054 0.0 0.0 0.0
15.0 49.53794059445728 5.0 0.9013513513513514 2.704054054054054 0.0 0.0 0.0
