0.5 43.67859095459586 5.0 0.8864864864864864 2.6594594594594594 0.0 0.0 0.0
1.263157894736842 49.671205702438456 5.0 0.8864864864864864 2.6594594594594594 0.0 0.0 0.0
2.026315789473684 43.68293373877445 5.0 0.8864864864864864 2.6594594594594594 0.0 0.0 0.0
2.7894736842105265 38.92288824912178 5.0 0.8864864864864864 2.6594594594594594 0.0 0.0 0.0
3.5526315789473686 50.003470980591956 5.0 0.8864864864864864 2.6594594594594594 0.0 0.0 0.0
4.315789473684211 46.3715018537627 5.0 0.8864864864864864 2.6594594594594594 0.0 0.0 0.0
5.078947368421053 44.11428574788592 5.0 0.8864864864864864 2.6594594594594594 0.0 0.0 0.0
5.842105263157895 43.21007111607812 5.0 0.8864864864864864 2.6594594594594594 0.0 0.0 0.0
6.605263157894737 47.57138011369953 5.0 0.8864864864864864 2.6594594594594594 0.0 0.0 0.0
7.36842105263158 42.69837412364574 5.0 0.8864864864864864 2.6594594594594594 0.0 0.0 0.0
8.131578947368421 47.769093597872285 5.0 0.8864864864864864 2.6594594594594594 0.0 0.0 0.0
8.894736842105264 45.95091018149709 5.0 0.8864864864864864 2.6594594594594594 0.0 0.0 0.0
9.657894736842106 45.05837010078637 5.0 0.8864864864864864 2.6594594594594594 0.0 0.0 0.0
10.421052631578949 44.76086874033111 5.0 0.8864864864864864 2.6594594594594594 0.0 0.0 0.0
11.18421052631579 43.79942021418179 5.0 0.8864864864864864 2.6594594594594594 0.0 0.0 0.0
11.947368421052632 47.46124468495212 5.0 0.8864864864864864 2.6594594594594594 0.0 0.0 0.0
12.710526315789474 41.72829582801882 5.0 0.8864864864864864 2.6594594594594594 0.0 0.0 0.0
13.473684210526317 39.4585489438337 5.0 0.8864864864864864 2.6594594594594594 0.0 0.0 0.0
14.23684210526316 46.16764469300175 5.0 0.8864864864864864 2.6594594594594594 0.0 0.0 0.0
15.0 46.21803930852577 5.0 0.8864864864864864 2.6594594594594594 0.0 0.0 0.0
