0.5 45.240311442156816 5.0 0.8716216216216216 2.614864864864865 0.0 0.0 0.0
1.263157894736842 44.32782187710617 5.0 0.8716216216216216 2.614864864864865 0.0 0.0 0.0
2.026315789473684 46.6070861489456 5.0 0.8716216216216216 2.614864864864865 0.0 0.0 0.0
2.7894736842105265 45.034441398826345 5.0 0.8716216216216216 2.614864864864865 0.0 0.0 0.0
3.5526315789473686 47.23425664343449 5.0 0.8716216216216216 2.614864864864865 0.0 0.0 0.0
4.315789473684211 46.33935211102204 5.0 0.8716216216216216 2.614864864864865 0.0 0.0 0.0
5.078947368421053 48.146182439291955 5.0 0.8716216216216216 2.614864864864865 0.0 0.0 0.0
5.842105263157895 44.65746933279984 5.0 0.8716216216216216 2.614864864864865 0.0 0.0 0.0
6.605263157894737 46.296859285562945 5.0 0.8716216216216216 2.614864864864865 0.0 0.0 0.0
7.36842105263158 42.659699861823725 5.0 0.8716216216216216 2.614864864864865 0.0 0.0 0.0
8.131578947368421 41.776698646404064 5.0 0.8716216216216216 2.614864864864865 0.0 0.0 0.0
8.894736842105264 48.701384002338 5.0 0.8716216216216216 2.614864864864865 0.0 0.0 0.0
9.657894736842106 44.22969511004914 5.0 0.8716216216216216 2.614864864864865 0.0 0.0 0.0
10.421052631578949 45.99572277866822 5.0 0.8716216216216216 2.614864864864865 0.0 0.0 0.0
11.18421052631579 43.95230112431525 5.0 0.8716216216216216 2.614864864864865 0.0 0.0 0.0
11.947368421052632 41.82153412832119 5.0 0.8716216216216216 2.614864864864865 0.0 0.0 0.0
12.710526315789474 43.61402975882829 5.0 0.8716216216216216 2.614864864864865 0.0 0.0 0.0
13.473684210526317 47.88906313438422 5.0 0.8716216216216216 2.614864864864865 0.0 0.0 0.0
14.23684210526316 45.246801303919355 5.0 0.8716216216216216 2.614864864864865 0.0 0.0 0.0
15.0 38.4466616018897 5.0 0.8716216216216216 2.614864864864865 0.0 0.0 0.0
