0.5 35.02452705459144 5.0 0.8121621621621621 2.436486486486486 0.0 0.0 0.0
1.263157894736842 39.76590790555597 5.0 0.8121621621621621 2.436486486486486 0.0 0.0 0.0
2.026315789473684 45.257779806495485 5.0 0.8121621621621621 2.436486486486486 0.0 0.0 0.0
2.7894736842105265 39.300917843607884 5.0 0.8121621621621621 2.436486486486486 0.0 0.0 0.0
3.5526315789473686 40.910918483313566 5.0 0.8121621621621621 2.436486486486486 0.0 0.0 0.0
4.315789473684211 44.00947592580014 5.0 0.8121621621621621 2.436486486486486 0.0 0.0 0.0
5.078947368421053 46.92876230794254 5.0 0.8121621621621621 2.436486486486486 0.0 0.0 0.0
5.842105263157895 38.87756268866317 5.0 0.8121621621621621 2.436486486486486 0.0 0.0 0.0
6.605263157894737 40.557597936907825 5.0 0.8121621621621621 2.436486486486486 0.0 0.0 0.0
7.36842105263158 46.074273772136635 5.0 0.8121621621621621 2.436486486486486 0.0 0.0 0.0
8.131578947368421 36.04151028253382 5.0 0.8121621621621621 2.436486486486486 0.0 0.0 0.0
8.894736842105264 43.69085131976957 5.0 0.8121621621621621 2.436486486486486 0.0 0.0 0.0
9.657894736842106 37.55316151102433 5.0 0.8121621621621621 2.436486486486486 0.0 0.0 0.0
10.421052631578949 40.915525209417574 5.0 0.8121621621621621 2.436486486486486 0.0 0.0 0.0
11.18421052631579 39.88025096590728 5.0 0.8121621621621621 2.436486486486486 0.0 0.0 0.0
11.947368421052632 37.73407330600442 5.0 0.8121621621621621 2.436486486486486 0.0 0.0 0.0
12.710526315789474 37.65880232513328 5.0 0.8121621621621621 2.436486486486486 0.0 0.0 0.0
13.473684210526317 41.43735120086937 5.0 0.8121621621621621 2.436486486486486 0.0 0.0 0.0
14.23684210526316 43.594726092596154 5.0 0.8121621621621621 2.436486486486486 0.0 0.0 0.0
15.0 40.2188994985426 5.0 0.8121621621621621 2.436486486486486 0.0 0.0 0.0
