0.5 52.28385812525131 5.0 1.0351351351351352 3.1054054054054054 0.0 0.0 0.0
1.263157894736842 55.62654585261148 5.0 1.0351351351351352 3.1054054054054054 0.0 0.0 0.0
2.026315789473684 46.55292226594517 5.0 1.0351351351351352 3.1054054054054054 0.0 0.0 0.0
2.7894736842105265 52.295696799096916 5.0 1.0351351351351352 3.1054054054054054 0.0 0.0 0.0
3.5526315789473686 50.000621250837625 5.0 1.0351351351351352 3.1054054054054054 0.0 0.0 0.0
4.315789473684211 50.644625603337445 5.0 1.0351351351351352 3.1054054054054054 0.0 0.0 0.0
5.078947368421053 49.042334247113494 5.0 1.0351351351351352 3.1054054054054054 0.0 0.0 0.0
5.842105263157895 51.24810460965543 5.0 1.0351351351351352 3.1054054054054054 0.0 0.0 0.0
6.605263157894737 57.28052360003747 5.0 1.0351351351351352 3.1054054054054054 0.0 0.0 0.0
7.36842105263158 47.963465673225116 5.0 1.0351351351351352 3.1054054054054054 0.0 0.0 0.0
8.131578947368421 48.24792674932028 5.0 1.0351351351351352 3.1054054054054054 0.0 0.0 0.0
8.894736842105264 47.85095304626624 5.0 1.0351351351351352 3.1054054054054054 0.0 0.0 0.0
9.657894736842106 56.93901161664106 5.0 1.0351351351351352 3.1054054054054054 0.0 0.0 0.0
10.421052631578949 50.369737640192895 5.0 1.0351351351351352 3.1054054054054054 0.0 0.0 0.0
11.18421052631579 51.679839575713736 5.0 1.0351351351351352 3.1054054054054054 0.0 0.0 0.0
11.947368421052632 50.54840793343804 5.0 1.0351351351351352 3.1054054054054054 0.0 0.0 0.0
12.710526315789474 48.923488121547486 5.0 1.0351351351351352 3.1054054054054054 0.0 0.0 0.0
13.473684210526317 51.05130481691345 5.0 1.0351351351351352 3.1054054054054054 0.0 0.0 0.0
14.23684210526316 59.13148757396644 5.0 1.0351351351351352 3.1054054054054054 0.0 0.0 0.0
15.0 55.932969519679524 5.0 1.0351351351351352 3.1054054054054054 0.0 0.0 0.0
