0.5 58.500006642254164 5.0 1.0797297297297297 3.239189189189189 0.0 0.0 0.0
1.263157894736842 52.00327919906506 5.0 1.0797297297297297 3.239189189189189 0.0 0.0 0.0
2.026315789473684 55.48974278435388 5.0 1.0797297297297297 3.239189189189189 0.0 0.0 0.0
2.7894736842105265 57.18441937571589 5.0 1.0797297297297297 3.239189189189189 0.0 0.0 0.0
3.5526315789473686 55.14079211910146 5.0 1.0797297297297297 3.239189189189189 0.0 0.0 0.0
4.315789473684211 54.2698964619454 5.0 1.0797297297297297 3.239189189189189 0.0 0.0 0.0
5.078947368421053 54.01889274105453 5.0 1.0797297297297297 3.239189189189189 0.0 0.0 0.0
5.842105263157895 53.81716319582516 5.0 1.0797297297297297 3.239189189189189 0.0 0.0 0.0
6.605263157894737 52.256391019703976 5.0 1.0797297297297297 3.239189189189189 0.0 0.0 0.0
7.36842105263158 52.63803619717737 5.0 1.0797297297297297 3.239189189189189 0.0 0.0 0.0
8.131578947368421 58.42525760743929 5.0 1.0797297297297297 3.239189189189189 0.0 0.0 0.0
8.894736842105264 53.660876588431016 5.0 1.0797297297297297 3.239189189189189 0.0 0.0 0.0
9.657894736842106 51.62909767833816 5.0 1.0797297297297297 3.239189189189189 0.0 0.0 0.0
10.421052631578949 52.43759369590196 5.0 1.0797297297297297 3.239189189189189 0.0 0.0 0.0
11.18421052631579 57.28759852857815 5.0 1.0797297297297297 3.239189189189189 0.0 0.0 0.0
11.947368421052632 56.01330638597992 5.0 1.0797297297297297 3.239189189189189 0.0 0.0 0.0
12.710526315789474 55.66747402118325 5.0 1.0797297297297297 3.239189189189189 0.0 0.0 0.0
13.473684210526317 53.21392288975711 5.0 1.0797297297297297 3.239189189189189 0.0 0.0 0.0
14.23684210526316 55.70657389700532 5.0 1.0797297297297297 3.239189189189189 0.0 0.0 0.0
15.0 52.05580311163454 5.0 1.0797297297297297 3.239189189189189 0.0 0.0 0.0
