0.5 46.50210036820424 5.0 0.9905405405405405 2.9716216216216216 0.0 0.0 0.0
1.263157894736842 47.42677493808936 5.0 0.9905405405405405 2.9716216216216216 0.0 0.0 0.0
2.026315789473684 48.48487852623143 5.0 0.9905405405405405 2.9716216216216216 0.0 0.0 0.0
2.7894736842105265 45.24058072434819 5.0 0.9905405405405405 2.9716216216216216 0.0 0.0 0.0
3.5526315789473686 48.25934407863078 5.0 0.9905405405405405 2.9716216216216216 0.0 0.0 0.0
4.315789473684211 49.88341664673573 5.0 0.9905405405405405 2.9716216216216216 0.0 0.0 0.0
5.078947368421053 48.32838020226174 5.0 0.9905405405405405 2.9716216216216216 0.0 0.0 0.0
5.842105263157895 48.71289754823185 5.0 0.9905405405405405 2.9716216216216216 0.0 0.0 0.0
6.605263157894737 49.46732201430727 5.0 0.9905405405405405 2.9716216216216216 0.0 0.0 0.0
7.36842105263158 47.55979663973008 5.0 0.9905405405405405 2.9716216216216216 0.0 0.0 0.0
8.131578947368421 51.600214724627655 5.0 0.9905405405405405 2.9716216216216216 0.0 0.0 0.0
8.894736842105264 53.83496140143235 5.0 0.9905405405405405 2.9716216216216216 0.0 0.0 0.0
9.657894736842106 48.13388585044068 5.0 0.9905405405405405 2.9716216216216216 0.0 0.0 0.0
10.421052631578949 50.98262172146015 5.0 0.9905405405405405 2.9716216216216216 0.0 0.0 0.0
11.18421052631579 48.808175560723086 5.0 0.9905405405405405 2.9716216216216216 0.0 0.0 0.0
11.947368421052632 50.62348906214254 5.0 0.9905405405405405 2.9716216216216216 0.0 0.0 0.0
12.710526315789474 54.22436562063679 5.0 0.9905405405405405 2.9716216216216216 0.0 0.0 0.0
13.473684210526317 51.05300565608132 5.0 0.9905405405405405 2.9716216216216216 0.0 0.0 0.0
14.23684210526316 44.20678341059798 5.0 0.9905405405405405 2.9716216216216216 0.0 0.0 0.0
15.0 50.889013921367905 5.0 0.9905405405405405 2.9716216216216216 0.0 0.0 0.0
