0.5 53.9688615001973 5.0 1.0054054054054056 3.0162162162162165 0.0 0.0 0.0
1.263157894736842 49.605481760275964 5.0 1.0054054054054056 3.0162162162162165 0.0 0.0 0.0
2.026315789473684 53.25717468862377 5.0 1.0054054054054056 3.0162162162162165 0.0 0.0 0.0
2.7894736842105265 48.19992364681443 5.0 1.0054054054054056 3.0162162162162165 0.0 0.0 0.0
3.5526315789473686 45.813652791703454 5.0 1.0054054054054056 3.0162162162162165 0.0 0.0 0.0
4.315789473684211 50.69377732676819 5.0 1.0054054054054056 3.0162162162162165 0.0 0.0 0.0
5.078947368421053 45.00084010803133 5.0 1.0054054054054056 3.0162162162162165 0.0 0.0 0.0
5.842105263157895 49.5509572315895 5.0 1.0054054054054056 3.0162162162162165 0.0 0.0 0.0
6.605263157894737 54.13079705820678 5.0 1.0054054054054056 3.0162162162162165 0.0 0.0 0.0
7.36842105263158 44.54098155303143 5.0 1.0054054054054056 3.0162162162162165 0.0 0.0 0.0
8.131578947368421 46.43177988252858 5.0 1.0054054054054056 3.0162162162162165 0.0 0.0 0.0
8.894736842105264 47.17417353478554 5.0 1.0054054054054056 3.0162162162162165 0.0 0.0 0.0
9.657894736842106 50.08031069113739 5.0 1.0054054054054056 3.0162162162162165 0.0 0.0 0.0
10.421052631578949 49.17311991333165 5.0 1.0054054054054056 3.0162162162162165 0.0 0.0 0.0
11.18421052631579 54.46767941535853 5.0 1.0054054054054056 3.0162162162162165 0.0 0.0 0.0
11.947368421052632 53.13331525754536 5.0 1.0054054054054056 3.0162162162162165 0.0 0.0 0.0
12.710526315789474 51.75608910847607 5.0 1.0054054054054056 3.0162162162162165 0.0 0.0 0.0
13.473684210526317 50.70716121330193 5.0 1.0054054054054056 3.0162162162162165 0.0 0.0 0.0
14.23684210526316 51.449959601224755 5.0 1.0054054054054056 3.0162162162162165 0.0 0.0 0.0
15.0 47.68432320433015 5.0 1.0054054054054056 3.0162162162162165 0.0 0.0 0.0
