0.5 45.66594888423912 5.0 0.9459459459459458 2.8378378378378373 0.0 0.0 0.0
1.263157894736842 51.531248254927426 5.0 0.9459459459459458 2.8378378378378373 0.0 0.0 0.0
2.026315789473684 47.03379026148619 5.0 0.9459459459459458 2.8378378378378373 0.0 0.0 0.0
2.7894736842105265 47.91141735535888 5.0 0.9459459459459458 2.8378378378378373 0.0 0.0 0.0
3.5526315789473686 50.834161033072235 5.0 0.9459459459459458 2.8378378378378373 0.0 0.0 0.0
4.315789473684211 44.604818384733306 5.0 0.9459459459459458 2.8378378378378373 0.0 0.0 0.0
5.078947368421053 44.31875687379547 5.0 0.9459459459459458 2.8378378378378373 0.0 0.0 0.0
5.842105263157895 46.70780203610297 5.0 0.9459459459459458 2.8378378378378373 0.0 0.0 0.0
6.605263157894737 49.778815696160954 5.0 0.9459459459459458 2.8378378378378373 0.0 0.0 0.0
7.36842105263158 43.30466553945682 5.0 0.9459459459459458 2.8378378378378373 0.0 0.0 0.0
8.131578947368421 42.29319349763 5.0 0.9459459459459458 2.8378378378378373 0.0 0.0 0.0
8.894736842105264 49.76846007842867 5.0 0.9459459459459458 2.8378378378378373 0.0 0.0 0.0
9.657894736842106 45.48836235959628 5.0 0.9459459459459458 2.8378378378378373 0.0 0.0 0.0
10.421052631578949 46.12061925853644 5.0 0.9459459459459458 2.8378378378378373 0.0 0.0 0.0
11.18421052631579 41.72686609147679 5.0 0.9459459459459458 2.8378378378378373 0.0 0.0 0.0
11.947368421052632 45.260359354241345 5.0 0.9459459459459458 2.8378378378378373 0.0 0.0 0.0
12.710526315789474 47.27459540740384 5.0 0.9459459459459458 2.8378378378378373 0.0 0.0 0.0
13.473684210526317 50.088430870165965 5.0 0.9459459459459458 2.8378378378378373 0.0 0.0 0.0
14.23684210526316 44.98360679859337 5.0 0.9459459459459458 2.8378378378378373 0.0 0.0 0.0
15.0 52.26942565799478 5.0 0.9459459459459458 2.8378378378378373 0.0 0.0 0.0
