0.5 51.159847517467185 5.0 1.0648648648648649 3.1945945945945944 0.0 0.0 0.0
1.263157894736842 48.3923650427484 5.0 1.0648648648648649 3.1945945945945944 0.0 0.0 0.0
2.026315789473684 51.642684666194604 5.0 1.0648648648648649 3.1945945945945944 0.0 0.0 0.0
2.7894736842105265 55.91062519582427 5.0 1.0648648648648649 3.1945945945945944 0.0 0.0 0.0
3.5526315789473686 51.61723153266533 5.0 1.0648648648648649 3.1945945945945944 0.0 0.0 0.0
4.315789473684211 51.16111327167032 5.0 1.0648648648648649 3.1945945945945944 0.0 0.0 0.0
5.078947368421053 47.77919221746933 5.0 1.0648648648648649 3.1945945945945944 0.0 0.0 0.0
5.842105263157895 58.50118590689606 5.0 1.0648648648648649 3.1945945945945944 0.0 0.0 0.0
6.605263157894737 55.72038416751917 5.0 1.0648648648648649 3.1945945945945944 0.0 0.0 0.0
7.36842105263158 55.552931187067536 5.0 1.0648648648648649 3.1945945945945944 0.0 0.0 0.0
8.131578947368421 56.14641940358166 5.0 1.0648648648648649 3.1945945945945944 0.0 0.0 0.0
8.894736842105264 54.973368327873445 5.0 1.0648648648648649 3.1945945945945944 0.0 0.0 0.0
9.657894736842106 52.51025667770465 5.0 1.0648648648648649 3.1945945945945944 0.0 0.0 0.0
10.421052631578949 52.75195093087664 5.0 1.0648648648648649 3.1945945945945944 0.0 0.0 0.0
11.18421052631579 51.96055014946687 5.0 1.0648648648648649 3.1945945945945944 0.0 0.0 0.0
11.947368421052632 61.147465506488246 5.0 1.0648648648648649 3.1945945945945944 0.0 0.0 0.0
12.710526315789474 54.91097933714157 5.0 1.0648648648648649 3.1945945945945944 0.0 0.0 0.0
13.473684210526317 51.851841919188935 5.0 1.0648648648648649 3.1945945945945944 0.0 0.0 0.0
14.23684210526316 54.639733565742084 5.0 1.0648648648648649 3.1945945945945944 0.0 0.0 0.0
15.0 50.210636489674286 5.0 1.0648648648648649 3.1945945945945944 0.0 0.0 0.0
