0.5 49.941186546623186 5.0 1.05 3.15 0.0 0.0 0.0
1.263157894736842 54.44272230918506 5.0 1.05 3.15 0.0 0.0 0.0
2.026315789473684 50.00543168200087 5.0 1.05 3.15 0.0 0.0 0.0
2.7894736842105265 47.17089708346134 5.0 1.05 3.15 0.0 0.0 0.0
3.5526315789473686 55.55853275299389 5.0 1.05 3.15 0.0 0.0 0.0
4.315789473684211 55.98027853993065 5.0 1.05 3.15 0.0 0.0 0.0
5.078947368421053 55.6381567531437 5.0 1.05 3.15 0.0 0.0 0.0
5.842105263157895 51.09040425234128 5.0 1.05 3.15 0.0 0.0 0.0
6.605263157894737 51.999672797994045 5.0 1.05 3.15 0.0 0.0 0.0
7.36842105263158 54.749296660974366 5.0 1.05 3.15 0.0 0.0 0.0
8.131578947368421 53.67448811204432 5.0 1.05 3.15 0.0 0.0 0.0
8.894736842105264 51.319087586108864 5.0 1.05 3.15 0.0 0.0 0.0
9.657894736842106 47.642784539645504 5.0 1.05 3.15 0.0 0.0 0.0
10.421052631578949 52.84162558242603 5.0 1.05 3.15 0.0 0.0 0.0
11.18421052631579 55.737028917708344 5.0 1.05 3.15 0.0 0.0 0.0
11.947368421052632 48.907235132897526 5.0 1.05 3.15 0.0 0.0 0.0
12.710526315789474 54.41627814502793 5.0 1.05 3.15 0.0 0.0 0.0
13.473684210526317 53.494625085401076 5.0 1.05 3.15 0.0 0.0 0.0
14.23684210526316 54.750444789697 5.0 1.05 3.15 0.0 0.0 0.0
15.0 55.11592649915702 5.0 1.05 3.15 0.0 0.0 0.0
