0.5 45.98687246800114 5.0 0.9608108108108109 2.882432432432432 0.0 0.0 0.0
1.263157894736842 45.991265135785014 5.0 0.9608108108108109 2.882432432432432 0.0 0.0 0.0
2.026315789473684 52.65261319623394 5.0 0.9608108108108109 2.882432432432432 0.0 0.0 0.0
2.7894736842105265 48.67492099763229 5.0 0.9608108108108109 2.882432432432432 0.0 0.0 0.0
3.5526315789473686 46.38446635350581 5.0 0.9608108108108109 2.882432432432432 0.0 0.0 0.0
4.315789473684211 47.57514114699876 5.0 0.9608108108108109 2.882432432432432 0.0 0.0 0.0
5.078947368421053 52.09976127316672 5.0 0.9608108108108109 2.882432432432432 0.0 0.0 0.0
5.842105263157895 52.43914899941758 5.0 0.9608108108108109 2.882432432432432 0.0 0.0 0.0
6.605263157894737 45.59016100272977 5.0 0.9608108108108109 2.882432432432432 0.0 0.0 0.0
7.36842105263158 47.913239110303216 5.0 0.9608108108108109 2.882432432432432 0.0 0.0 0.0
8.131578947368421 48.31101102354326 5.0 0.9608108108108109 2.882432432432432 0.0 0.0 0.0
8.894736842105264 45.08182020899075 5.0 0.9608108108108109 2.882432432432432 0.0 0.0 0.0
9.657894736842106 47.87348538259056 5.0 0.9608108108108109 2.882432432432432 0.0 0.0 0.0
10.421052631578949 48.056509121895644 5.0 0.9608108108108109 2.882432432432432 0.0 0.0 0.0
11.18421052631579 51.461168977350745 5.0 0.9608108108108109 2.882432432432432 0.0 0.0 0.0
11.947368421052632 51.662815625474146 5.0 0.9608108108108109 2.882432432432432 0.0 0.0 0.0
12.710526315789474 47.05291234546352 5.0 0.9608108108108109 2.882432432432432 0.0 0.0 0.0
13.473684210526317 47.39868110895811 5.0 0.9608108108108109 2.882432432432432 0.0 0.0 0.0
14.23684210526316 50.033417446707446 5.0 0.9608108108108109 2.882432432432432 0.0 0.0 0.0
15.0 46.28497519375951 5.0 0.9608108108108109 2.882432432432432 0.0 0.0 0.0
