0.5 50.54970423899599 5.0 0.9756756756756757 2.9270270270270267 0.0 0.0 0.0
1.263157894736842 48.52006432167614 5.0 0.9756756756756757 2.9270270270270267 0.0 0.0 0.0
2.026315789473684 45.87558805056792 5.0 0.9756756756756757 2.9270270270270267 0.0 0.0 0.0
2.7894736842105265 45.91327364514484 5.0 0.9756756756756757 2.9270270270270267 0.0 0.0 0.0
3.5526315789473686 53.12495987187709 5.0 0.9756756756756757 2.9270270270270267 0.0 0.0 0.0
4.315789473684211 48.31451934635389 5.0 0.9756756756756757 2.9270270270270267 0.0 0.0 0.0
5.078947368421053 53.70484606547872 5.0 0.9756756756756757 2.9270270270270267 0.0 0.0 0.0
5.842105263157895 47.24287500163905 5.0 0.9756756756756757 2.9270270270270267 0.0 0.0 0.0
6.605263157894737 49.65739938717826 5.0 0.9756756756756757 2.9270270270270267 0.0 0.0 0.0
7.36842105263158 55.961813952838504 5.0 0.9756756756756757 2.9270270270270267 0.0 0.0 0.0
8.131578947368421 45.61162354979395 5.0 0.9756756756756757 2.9270270270270267 0.0 0.0 0.0
8.894736842105264 43.090340284084455 5.0 0.9756756756756757 2.9270270270270267 0.0 0.0 0.0
9.657894736842106 52.643554177645484 5.0 0.9756756756756757 2.9270270270270267 0.0 0.0 0.0
10.421052631578949 46.30335646760456 5.0 0.9756756756756757 2.9270270270270267 0.0 0.0 0.0
11.18421052631579 48.72166469146508 5.0 0.9756756756756757 2.9270270270270267 0.0 0.0 0.0
11.947368421052632 47.026029152429025 5.0 0.9756756756756757 2.9270270270270267 0.0 0.0 0.0
12.710526315789474 49.588272126649734 5.0 0.9756756756756757 2.9270270270270267 0.0 0.0 0.0
13.473684210526317 45.93217516222656 5.0 0.9756756756756757 2.9270270270270267 0.0 0.0 0.0
14.23684210526316 48.24396352013387 5.0 0.9756756756756757 2.9270270270270267 0.0 0.0 0.0
15.0 50.133229763453386 5.0 0.9756756756756757 2.9270270270270267 0.0 0.0 0.0
