0.5 168.18738252346563 5.0 49.45454545454545 123.63636363636363 0.0 0.0 0.0
1.263157894736842 164.11330289491275 5.0 49.45454545454545 123.63636363636363 0.0 0.0 0.0
2.026315789473684 161.7560436876714 5.0 49.45454545454545 123.63636363636363 0.0 0.0 0.0
2.7894736842105265 164.67762122484424 5.0 49.45454545454545 123.63636363636363 0.0 0.0 0.0
3.5526315789473686 167.99600571280888 5.0 49.45454545454545 123.63636363636363 0.0 0.0 0.0
4.315789473684211 161.92060840014014 5.0 49.45454545454545 123.63636363636363 0.0 0.0 0.0
5.078947368421053 162.1167601967205 5.0 49.45454545454545 123.63636363636363 0.0 0.0 0.0
5.842105263157895 166.5241317263075 5.0 49.45454545454545 123.63636363636363 0.0 0.0 0.0
6.605263157894737 164.18387650129245 5.0 49.45454545454545 123.63636363636363 0.0 0.0 0.0
7.36842105263158 166.79093892061326 5.0 49.45454545454545 123.63636363636363 0.0 0.0 0.0
8.131578947368421 164.80754447309894 5.0 49.45454545454545 123.63636363636363 0.0 0.0 0.0
8.894736842105264 166.95347579275355 5.0 49.45454545454545 123.63636363636363 0.0 0.0 0.0
9.657894736842106 161.74325050636293 5.0 49.45454545454545 123.63636363636363 0.0 0.0 0.0
10.421052631578949 164.81223089612004 5.0 49.45454545454545 123.63636363636363 0.0 0.0 0.0
11.18421052631579 164.21641480539537 5.0 49.45454545454545 123.63636363636363 0.0 0.0 0.0
11.947368421052632 161.20081207617244 5.0 49.45454545454545 123.63636363636363 0.0 0.0 0.0
12.710526315789474 160.15805100487879 5.0 49.45454545454545 123.63636363636363 0.0 0.0 0.0
13.473684210526317 166.90573195430883 5.0 49.45454545454545 123.63636363636363 0.0 0.0 0.0
14.23684210526316 163.7956277018309 5.0 49.45454545454545 123.63636363636363 0.0 0.0 0.0
15.0 161.78164400354285 5.0 49.45454545454545 123.63636363636363 0.0 0.0 0.0
