0.5 53.9508876356924 5.0 1.0945945945945945 3.2837837837837833 0.0 0.0 0.0
1.263157894736842 57.639143191904964 5.0 1.0945945945945945 3.2837837837837833 0.0 0.0 0.0
2.026315789473684 57.35256276648692 5.0 1.0945945945945945 3.2837837837837833 0.0 0.0 0.0
2.7894736842105265 51.78400019187732 5.0 1.0945945945945945 3.2837837837837833 0.0 0.0 0.0
3.5526315789473686 52.163150371004 5.0 1.0945945945945945 3.2837837837837833 0.0 0.0 0.0
4.315789473684211 55.055836188169955 5.0 1.0945945945945945 3.2837837837837833 0.0 0.0 0.0
5.078947368421053 59.90812685373825 5.0 1.0945945945945945 3.2837837837837833 0.0 0.0 0.0
5.842105263157895 48.983034236322744 5.0 1.0945945945945945 3.2837837837837833 0.0 0.0 0.0
6.605263157894737 55.56472854844124 5.0 1.0945945945945945 3.2837837837837833 0.0 0.0 0.0
7.36842105263158 50.60159973501028 5.0 1.0945945945945945 3.2837837837837833 0.0 0.0 0.0
8.131578947368421 52.82673674915309 5.0 1.0945945945945945 3.2837837837837833 0.0 0.0 0.0
8.894736842105264 53.636444475537004 5.0 1.0945945945945945 3.2837837837837833 0.0 0.0 0.0
9.657894736842106 53.468204699419054 5.0 1.0945945945945945 3.2837837837837833 0.0 0.0 0.0
10.421052631578949 53.1283419107521 5.0 1.0945945945945945 3.2837837837837833 0.0 0.0 0.0
11.18421052631579 54.75135091085884 5.0 1.0945945945945945 3.2837837837837833 0.0 0.0 0.0
11.947368421052632 53.12396302983799 5.0 1.0945945945945945 3.2837837837837833 0.0 0.0 0.0
12.710526315789474 50.34235757516727 5.0 1.0945945945945945 3.2837837837837833 0.0 0.0 0.0
13.473684210526317 57.069338567298054 5.0 1.0945945945945945 3.2837837837837833 0.0 0.0 0.0
14.23684210526316 56.988346231176365 5.0 1.0945945945945945 3.2837837837837833 0.0 0.0 0.0
15.0 57.25925265979773 5.0 1.0945945945945945 3.2837837837837833 0.0 0.0 0.0
