0.5 58.619443278410145 5.0 1.154054054054054 3.462162162162162 0.0 0.0 0.0
1.263157894736842 60.38409894050907 5.0 1.154054054054054 3.462162162162162 0.0 0.0 0.0
2.026315789473684 59.959853900840734 5.0 1.154054054054054 3.462162162162162 0.0 0.0 0.0
2.7894736842105265 61.125141070786846 5.0 1.154054054054054 3.462162162162162 0.0 0.0 0.0
3.5526315789473686 57.69694750267554 5.0 1.154054054054054 3.462162162162162 0.0 0.0 0.0
4.315789473684211 58.613103405152714 5.0 1.154054054054054 3.462162162162162 0.0 0.0 0.0
5.078947368421053 59.23724380846028 5.0 1.154054054054054 3.462162162162162 0.0 0.0 0.0
5.842105263157895 58.12767279487578 5.0 1.154054054054054 3.462162162162162 0.0 0.0 0.0
6.605263157894737 56.51111977295148 5.0 1.154054054054054 3.462162162162162 0.0 0.0 0.0
7.36842105263158 56.705375099683394 5.0 1.154054054054054 3.462162162162162 0.0 0.0 0.0
8.131578947368421 55.25002750771281 5.0 1.154054054054054 3.462162162162162 0.0 0.0 0.0
8.894736842105264 58.96755319243219 5.0 1.154054054054054 3.462162162162162 0.0 0.0 0.0
9.657894736842106 57.420657180447236 5.0 1.154054054054054 3.462162162162162 0.0 0.0 0.0
10.421052631578949 55.713181450792405 5.0 1.154054054054054 3.462162162162162 0.0 0.0 0.0
11.18421052631579 55.71596824472893 5.0 1.154054054054054 3.462162162162162 0.0 0.0 0.0
11.947368421052632 54.07150651935434 5.0 1.154054054054054 3.462162162162162 0.0 0.0 0.0
12.710526315789474 60.6392267264143 5.0 1.154054054054054 3.462162162162162 0.0 0.0 0.0
13.473684210526317 57.938555711298065 5.0 1.154054054054054 3.462162162162162 0.0 0.0 0.0
14.23684210526316 55.11430264398289 5.0 1.154054054054054 3.462162162162162 0.0 0.0 0.0
15.0 60.128345951508756 5.0 1.154054054054054 3.462162162162162 0.0 0.0 0.0
