0.5 194.5742231377791 5.0 58.18181818181818 145.45454545454544 0.0 0.0 0.0
1.263157894736842 196.5985758180978 5.0 58.18181818181818 145.45454545454544 0.0 0.0 0.0
2.026315789473684 195.4116940663754 5.0 58.18181818181818 145.45454545454544 0.0 0.0 0.0
2.7894736842105265 197.5403127141719 5.0 58.18181818181818 145.45454545454544 0.0 0.0 0.0
3.5526315789473686 194.80747141026526 5.0 58.18181818181818 145.45454545454544 0.0 0.0 0.0
4.315789473684211 192.87229899268084 5.0 58.18181818181818 145.45454545454544 0.0 0.0 0.0
5.078947368421053 194.94691771019302 5.0 58.18181818181818 145.45454545454544 0.0 0.0 0.0
5.842105263157895 185.14761081183562 5.0 58.18181818181818 145.45454545454544 0.0 0.0 0.0
6.605263157894737 195.08805114854908 5.0 58.18181818181818 145.45454545454544 0.0 0.0 0.0
7.36842105263158 182.9941554637496 5.0 58.18181818181818 145.45454545454544 0.0 0.0 0.0
8.131578947368421 188.7690037171777 5.0 58.18181818181818 145.45454545454544 0.0 0.0 0.0
8.894736842105264 195.2946997422169 5.0 58.18181818181818 145.45454545454544 0.0 0.0 0.0
9.657894736842106 195.37198195119433 5.0 58.18181818181818 145.45454545454544 0.0 0.0 0.0
10.421052631578949 190.45210759897415 5.0 58.18181818181818 145.45454545454544 0.0 0.0 0.0
11.18421052631579 191.80308781375712 5.0 58.18181818181818 145.45454545454544 0.0 0.0 0.0
11.947368421052632 198.05101690523634 5.0 58.18181818181818 145.45454545454544 0.0 0.0 0.0
12.710526315789474 192.4873035446759 5.0 58.18181818181818 145.45454545454544 0.0 0.0 0.0
13.473684210526317 200.6681548766029 5.0 58.18181818181818 145.45454545454544 0.0 0.0 0.0
14.23684210526316 193.9336343798649 5.0 58.18181818181818 145.45454545454544 0.0 0.0 0.0
15.0 195.16350247003774 5.0 58.18181818181818 145.45454545454544 0.0 0.0 0.0
