0.5 56.764599516562825 5.0 1.1689189189189189 3.5067567567567566 0.0 0.0 0.0
1.263157894736842 54.226444064909245 5.0 1.1689189189189189 3.5067567567567566 0.0 0.0 0.0
2.026315789473684 61.50961281360334 5.0 1.1689189189189189 3.5067567567567566 0.0 0.0 0.0
2.7894736842105265 56.8346549772476 5.0 1.1689189189189189 3.5067567567567566 0.0 0.0 0.0
3.5526315789473686 57.21924867531958 5.0 1.1689189189189189 3.5067567567567566 0.0 0.0 0.0
4.315789473684211 58.56948600699348 5.0 1.1689189189189189 3.5067567567567566 0.0 0.0 0.0
5.078947368421053 61.87371361431629 5.0 1.1689189189189189 3.5067567567567566 0.0 0.0 0.0
5.842105263157895 58.50605781854488 5.0 1.1689189189189189 3.5067567567567566 0.0 0.0 0.0
6.605263157894737 54.848594567510254 5.0 1.1689189189189189 3.5067567567567566 0.0 0.0 0.0
7.36842105263158 60.077576958282485 5.0 1.1689189189189189 3.5067567567567566 0.0 0.0 0.0
8.131578947368421 56.990976773160774 5.0 1.1689189189189189 3.5067567567567566 0.0 0.0 0.0
8.894736842105264 64.10971786053435 5.0 1.1689189189189189 3.5067567567567566 0.0 0.0 0.0
9.657894736842106 58.44258677995227 5.0 1.1689189189189189 3.5067567567567566 0.0 0.0 0.0
10.421052631578949 51.74083945224994 5.0 1.1689189189189189 3.5067567567567566 0.0 0.0 0.0
11.18421052631579 59.51804086241297 5.0 1.1689189189189189 3.5067567567567566 0.0 0.0 0.0
11.947368421052632 64.27973932272663 5.0 1.1689189189189189 3.5067567567567566 0.0 0.0 0.0
12.710526315789474 63.173706811582115 5.0 1.1689189189189189 3.5067567567567566 0.0 0.0 0.0
13.473684210526317 63.93880881221564 5.0 1.1689189189189189 3.5067567567567566 0.0 0.0 0.0
14.23684210526316 55.38666538980155 5.0 1.1689189189189189 3.5067567567567566 0.0 0.0 0.0
15.0 61.18240313387628 5.0 1.1689189189189189 3.5067567567567566 0.0 0.0 0.0
