0.5 201.2142595591322 5.0 58.90909090909091 147.27272727272728 0.0 0.0 0.0
1.263157894736842 196.75671771221664 5.0 58.90909090909091 147.27272727272728 0.0 0.0 0.0
2.026315789473684 193.35660442156396 5.0 58.90909090909091 147.27272727272728 0.0 0.0 0.0
2.7894736842105265 196.0344540085535 5.0 58.90909090909091 147.27272727272728 0.0 0.0 0.0
3.5526315789473686 196.2568041550661 5.0 58.90909090909091 147.27272727272728 0.0 0.0 0.0
4.315789473684211 192.26941140703167 5.0 58.90909090909091 147.27272727272728 0.0 0.0 0.0
5.078947368421053 195.59614014961392 5.0 58.90909090909091 147.27272727272728 0.0 0.0 0.0
5.842105263157895 194.13706008164405 5.0 58.90909090909091 147.27272727272728 0.0 0.0 0.0
6.605263157894737 199.13670963519868 5.0 58.90909090909091 147.27272727272728 0.0 0.0 0.0
7.36842105263158 196.46747198619215 5.0 58.90909090909091 147.27272727272728 0.0 0.0 0.0
8.131578947368421 195.51524911619367 5.0 58.90909090909091 147.27272727272728 0.0 0.0 0.0
8.894736842105264 196.04509057176864 5.0 58.90909090909091 147.27272727272728 0.0 0.0 0.0
9.657894736842106 197.03300241885486 5.0 58.90909090909091 147.27272727272728 0.0 0.0 0.0
10.421052631578949 198.2140789627057 5.0 58.90909090909091 147.27272727272728 0.0 0.0 0.0
11.18421052631579 193.36449967762823 5.0 58.90909090909091 147.27272727272728 0.0 0.0 0.0
11.947368421052632 193.23887346577257 5.0 58.90909090909091 147.27272727272728 0.0 0.0 0.0
12.710526315789474 199.67767400984397 5.0 58.90909090909091 147.27272727272728 0.0 0.0 0.0
13.473684210526317 195.1266257470222 5.0 58.90909090909091 147.27272727272728 0.0 0.0 0.0
14.23684210526316 192.11311008584576 5.0 58.90909090909091 147.27272727272728 0.0 0.0 0.0
15.0 197.69507449178568 5.0 58.90909090909091 147.27272727272728 0.0 0.0 0.0
