0.5 50.850769484180724 5.0 1.1094594594594593 3.328378378378378 0.0 0.0 0.0
1.263157894736842 56.36972743072542 5.0 1.1094594594594593 3.328378378378378 0.0 0.0 0.0
2.026315789473684 57.500909540393735 5.0 1.1094594594594593 3.328378378378378 0.0 0.0 0.0
2.7894736842105265 52.37936676765421 5.0 1.1094594594594593 3.328378378378378 0.0 0.0 0.0
3.5526315789473686 55.50049271751936 5.0 1.1094594594594593 3.328378378378378 0.0 0.0 0.0
4.315789473684211 55.12417303704187 5.0 1.1094594594594593 3.328378378378378 0.0 0.0 0.0
5.078947368421053 60.999424948677756 5.0 1.1094594594594593 3.328378378378378 0.0 0.0 0.0
5.842105263157895 61.24646108401069 5.0 1.1094594594594593 3.328378378378378 0.0 0.0 0.0
6.605263157894737 50.47990379298237 5.0 1.1094594594594593 3.328378378378378 0.0 0.0 0.0
7.36842105263158 62.95475399015694 5.0 1.1094594594594593 3.328378378378378 0.0 0.0 0.0
8.131578947368421 52.727295809512995 5.0 1.1094594594594593 3.328378378378378 0.0 0.0 0.0
8.894736842105264 58.41499285595525 5.0 1.1094594594594593 3.328378378378378 0.0 0.0 0.0
9.657894736842106 58.38446691556416 5.0 1.1094594594594593 3.328378378378378 0.0 0.0 0.0
10.421052631578949 52.48590229244755 5.0 1.1094594594594593 3.328378378378378 0.0 0.0 0.0
11.18421052631579 56.95277635449027 5.0 1.1094594594594593 3.328378378378378 0.0 0.0 0.0
11.947368421052632 55.150371740174776 5.0 1.1094594594594593 3.328378378378378 0.0 0.0 0.0
12.710526315789474 57.13596298687014 5.0 1.1094594594594593 3.328378378378378 0.0 0.0 0.0
13.473684210526317 56.164989880114845 5.0 1.1094594594594593 3.328378378378378 0.0 0.0 0.0
14.23684210526316 59.06199142908371 5.0 1.1094594594594593 3.328378378378378 0.0 0.0 0.0
15.0 55.699171602411155 5.0 1.1094594594594593 3.328378378378378 0.0 0.0 0.0
