0.5 66.7971277751597 5.0 1.3472972972972974 4.0418918918918925 0.0 0.0 0.0
1.263157894736842 76.46015211019677 5.0 1.3472972972972974 4.0418918918918925 0.0 0.0 0.0
2.026315789473684 66.6822766187752 5.0 1.3472972972972974 4.0418918918918925 0.0 0.0 0.0
2.7894736842105265 68.13044492013292 5.0 1.3472972972972974 4.0418918918918925 0.0 0.0 0.0
3.5526315789473686 66.17153112304425 5.0 1.3472972972972974 4.0418918918918925 0.0 0.0 0.0
4.315789473684211 68.48184154504578 5.0 1.3472972972972974 4.0418918918918925 0.0 0.0 0.0
5.078947368421053 69.8717096485236 5.0 1.3472972972972974 4.0418918918918925 0.0 0.0 0.0
5.842105263157895 67.02311568570562 5.0 1.3472972972972974 4.0418918918918925 0.0 0.0 0.0
6.605263157894737 72.69502440621773 5.0 1.3472972972972974 4.0418918918918925 0.0 0.0 0.0
7.36842105263158 68.08231271876525 5.0 1.3472972972972974 4.0418918918918925 0.0 0.0 0.0
8.131578947368421 68.17632102319547 5.0 1.3472972972972974 4.0418918918918925 0.0 0.0 0.0
8.894736842105264 64.63787178132372 5.0 1.3472972972972974 4.0418918918918925 0.0 0.0 0.0
9.657894736842106 68.62036208851602 5.0 1.3472972972972974 4.0418918918918925 0.0 0.0 0.0
10.421052631578949 66.96278320243677 5.0 1.3472972972972974 4.0418918918918925 0.0 0.0 0.0
11.18421052631579 65.54014567685302 5.0 1.3472972972972974 4.0418918918918925 0.0 0.0 0.0
11.947368421052632 65.03544164041978 5.0 1.3472972972972974 4.0418918918918925 0.0 0.0 0.0
12.710526315789474 75.38015500413492 5.0 1.3472972972972974 4.0418918918918925 0.0 0.0 0.0
13.473684210526317 66.57443311432776 5.0 1.3472972972972974 4.0418918918918925 0.0 0.0 0.0
14.23684210526316 62.99390860252107 5.0 1.3472972972972974 4.0418918918918925 0.0 0.0 0.0
15.0 65.27020048566715 5.0 1.3472972972972974 4.0418918918918925 0.0 0.0 0.0
