0.5 67.42776620728986 5.0 1.2729729729729728 3.8189189189189188 0.0 0.0 0.0
1.263157894736842 63.29156312884827 5.0 1.2729729729729728 3.8189189189189188 0.0 0.0 0.0
2.026315789473684 60.979236680603414 5.0 1.2729729729729728 3.8189189189189188 0.0 0.0 0.0
2.7894736842105265 62.17190738235249 5.0 1.2729729729729728 3.8189189189189188 0.0 0.0 0.0
3.5526315789473686 64.25119954047643 5.0 1.2729729729729728 3.8189189189189188 0.0 0.0 0.0
4.315789473684211 62.52810665710611 5.0 1.2729729729729728 3.8189189189189188 0.0 0.0 0.0
5.078947368421053 65.10455849783807 5.0 1.2729729729729728 3.8189189189189188 0.0 0.0 0.0
5.842105263157895 65.21717993089574 5.0 1.2729729729729728 3.8189189189189188 0.0 0.0 0.0
6.605263157894737 66.31559818986258 5.0 1.2729729729729728 3.8189189189189188 0.0 0.0 0.0
7.36842105263158 67.91932706544374 5.0 1.2729729729729728 3.8189189189189188 0.0 0.0 0.0
8.131578947368421 66.63622482176572 5.0 1.2729729729729728 3.8189189189189188 0.0 0.0 0.0
8.894736842105264 60.84593145620477 5.0 1.2729729729729728 3.8189189189189188 0.0 0.0 0.0
9.657894736842106 60.938045308919826 5.0 1.2729729729729728 3.8189189189189188 0.0 0.0 0.0
10.421052631578949 63.42133421926917 5.0 1.2729729729729728 3.8189189189189188 0.0 0.0 0.0
11.18421052631579 62.2951225769304 5.0 1.2729729729729728 3.8189189189189188 0.0 0.0 0.0
11.947368421052632 60.23366846776582 5.0 1.2729729729729728 3.8189189189189188 0.0 0.0 0.0
12.710526315789474 62.323573266129664 5.0 1.2729729729729728 3.8189189189189188 0.0 0.0 0.0
13.473684210526317 62.22510984779153 5.0 1.2729729729729728 3.8189189189189188 0.0 0.0 0.0
14.23684210526316 61.63310542936503 5.0 1.2729729729729728 3.8189189189189188 0.0 0.0 0.0
15.0 62.70128019018363 5.0 1.2729729729729728 3.8189189189189188 0.0 0.0 0.0
