0.5 211.64034835029585 5.0 63.272727272727266 158.1818181818182 0.0 0.0 0.0
1.263157894736842 210.45534796885178 5.0 63.272727272727266 158.1818181818182 0.0 0.0 0.0
2.026315789473684 212.20687426426937 5.0 63.272727272727266 158.1818181818182 0.0 0.0 0.0
2.7894736842105265 211.09484036013077 5.0 63.272727272727266 158.1818181818182 0.0 0.0 0.0
3.5526315789473686 211.24027808592757 5.0 63.272727272727266 158.1818181818182 0.0 0.0 0.0
4.315789473684211 209.6840914206109 5.0 63.272727272727266 158.1818181818182 0.0 0.0 0.0
5.078947368421053 206.71476192969436 5.0 63.272727272727266 158.1818181818182 0.0 0.0 0.0
5.842105263157895 206.27821530152465 5.0 63.272727272727266 158.1818181818182 0.0 0.0 0.0
6.605263157894737 212.8688255589346 5.0 63.272727272727266 158.1818181818182 0.0 0.0 0.0
7.36842105263158 210.07899063883377 5.0 63.272727272727266 158.1818181818182 0.0 0.0 0.0
8.131578947368421 209.1208242101224 5.0 63.272727272727266 158.1818181818182 0.0 0.0 0.0
8.894736842105264 210.93460778926035 5.0 63.272727272727266 158.1818181818182 0.0 0.0 0.0
9.657894736842106 213.2938876678378 5.0 63.272727272727266 158.1818181818182 0.0 0.0 0.0
10.421052631578949 211.4501827381701 5.0 63.272727272727266 158.1818181818182 0.0 0.0 0.0
11.18421052631579 208.940926099168 5.0 63.272727272727266 158.1818181818182 0.0 0.0 0.0
11.947368421052632 214.58796977603777 5.0 63.272727272727266 158.1818181818182 0.0 0.0 0.0
12.710526315789474 215.6466474180358 5.0 63.272727272727266 158.1818181818182 0.0 0.0 0.0
13.473684210526317 212.39276087505948 5.0 63.272727272727266 158.1818181818182 0.0 0.0 0.0
14.23684210526316 213.83008144312316 5.0 63.272727272727266 158.1818181818182 0.0 0.0 0.0
15.0 214.63497089953233 5.0 63.272727272727266 158.1818181818182 0.0 0.0 0.0
