0.5 65.90923025278265 5.0 1.2432432432432432 3.7297297297297294 0.0 0.0 0.0
1.263157894736842 64.22523871751551 5.0 1.2432432432432432 3.7297297297297294 0.0 0.0 0.0
2.026315789473684 68.06054457628893 5.0 1.2432432432432432 3.7297297297297294 0.0 0.0 0.0
2.7894736842105265 57.51866366394243 5.0 1.2432432432432432 3.7297297297297294 0.0 0.0 0.0
3.5526315789473686 61.3660818372194 5.0 1.2432432432432432 3.7297297297297294 0.0 0.0 0.0
4.315789473684211 60.77459801033368 5.0 1.2432432432432432 3.7297297297297294 0.0 0.0 0.0
5.078947368421053 56.24111413293636 5.0 1.2432432432432432 3.7297297297297294 0.0 0.0 0.0
5.842105263157895 65.34314377650125 5.0 1.2432432432432432 3.7297297297297294 0.0 0.0 0.0
6.605263157894737 61.350972494752085 5.0 1.2432432432432432 3.7297297297297294 0.0 0.0 0.0
7.36842105263158 64.38105577712184 5.0 1.2432432432432432 3.7297297297297294 0.0 0.0 0.0
8.131578947368421 69.24147796515099 5.0 1.2432432432432432 3.7297297297297294 0.0 0.0 0.0
8.894736842105264 61.10243108667934 5.0 1.2432432432432432 3.7297297297297294 0.0 0.0 0.0
9.657894736842106 60.8987032141907 5.0 1.2432432432432432 3.7297297297297294 0.0 0.0 0.0
10.421052631578949 62.51815467133415 5.0 1.2432432432432432 3.7297297297297294 0.0 0.0 0.0
11.18421052631579 65.12390422111238 5.0 1.2432432432432432 3.7297297297297294 0.0 0.0 0.0
11.947368421052632 60.46202308623171 5.0 1.2432432432432432 3.7297297297297294 0.0 0.0 0.0
12.710526315789474 60.26927737076577 5.0 1.2432432432432432 3.7297297297297294 0.0 0.0 0.0
13.473684210526317 65.33372997288626 5.0 1.2432432432432432 3.7297297297297294 0.0 0.0 0.0
14.23684210526316 63.298080133676265 5.0 1.2432432432432432 3.7297297297297294 0.0 0.0 0.0
15.0 56.0279773731477 5.0 1.2432432432432432 3.7297297297297294 0.0 0.0 0.0
