0.5 59.22923000699808 5.0 1.258108108108108 3.774324324324324 0.0 0.0 0.0
1.263157894736842 67.40911299688703 5.0 1.258108108108108 3.774324324324324 0.0 0.0 0.0
2.026315789473684 64.11119025464184 5.0 1.258108108108108 3.774324324324324 0.0 0.0 0.0
2.7894736842105265 60.618817612293654 5.0 1.258108108108108 3.774324324324324 0.0 0.0 0.0
3.5526315789473686 62.39417643370046 5.0 1.258108108108108 3.774324324324324 0.0 0.0 0.0
4.315789473684211 62.945115423810414 5.0 1.258108108108108 3.774324324324324 0.0 0.0 0.0
5.078947368421053 65.1126054862459 5.0 1.258108108108108 3.774324324324324 0.0 0.0 0.0
5.842105263157895 58.83061522082903 5.0 1.258108108108108 3.774324324324324 0.0 0.0 0.0
6.605263157894737 60.38255798939403 5.0 1.258108108108108 3.774324324324324 0.0 0.0 0.0
7.36842105263158 63.72427266999557 5.0 1.258108108108108 3.774324324324324 0.0 0.0 0.0
8.131578947368421 62.605901663919056 5.0 1.258108108108108 3.774324324324324 0.0 0.0 0.0
8.894736842105264 64.62098295331553 5.0 1.258108108108108 3.774324324324324 0.0 0.0 0.0
9.657894736842106 59.21688321332661 5.0 1.258108108108108 3.774324324324324 0.0 0.0 0.0
10.421052631578949 63.976791434219365 5.0 1.258108108108108 3.774324324324324 0.0 0.0 0.0
11.18421052631579 66.18015626353782 5.0 1.258108108108108 3.774324324324324 0.0 0.0 0.0
11.947368421052632 64.36586104685325 5.0 1.258108108108108 3.774324324324324 0.0 0.0 0.0
12.710526315789474 63.32274062469018 5.0 1.258108108108108 3.774324324324324 0.0 0.0 0.0
13.473684210526317 62.61775459770749 5.0 1.258108108108108 3.774324324324324 0.0 0.0 0.0
14.23684210526316 60.4008519470909 5.0 1.258108108108108 3.774324324324324 0.0 0.0 0.0
15.0 62.68940962808604 5.0 1.258108108108108 3.774324324324324 0.0 0.0 0.0
