0.5 65.8901858877407 5.0 1.377027027027027 4.131081081081081 0.0 0.0 0.0
1.263157894736842 64.35723202517822 5.0 1.377027027027027 4.131081081081081 0.0 0.0 0.0
2.026315789473684 66.71518885280247 5.0 1.377027027027027 4.131081081081081 0.0 0.0 0.0
2.7894736842105265 70.54610319517009 5.0 1.377027027027027 4.131081081081081 0.0 0.0 0.0
3.5526315789473686 70.92162559687755 5.0 1.377027027027027 4.131081081081081 0.0 0.0 0.0
4.315789473684211 64.74752451920577 5.0 1.377027027027027 4.131081081081081 0.0 0.0 0.0
5.078947368421053 65.90805324894671 5.0 1.377027027027027 4.131081081081081 0.0 0.0 0.0
5.842105263157895 66.68164429352883 5.0 1.377027027027027 4.131081081081081 0.0 0.0 0.0
6.605263157894737 67.77943617055091 5.0 1.377027027027027 4.131081081081081 0.0 0.0 0.0
7.36842105263158 64.7651988587934 5.0 1.377027027027027 4.131081081081081 0.0 0.0 0.0
8.131578947368421 64.58519605293095 5.0 1.377027027027027 4.131081081081081 0.0 0.0 0.0
8.894736842105264 66.38584546212869 5.0 1.377027027027027 4.131081081081081 0.0 0.0 0.0
9.657894736842106 69.11011286002638 5.0 1.377027027027027 4.131081081081081 0.0 0.0 0.0
10.421052631578949 65.30956833209088 5.0 1.377027027027027 4.131081081081081 0.0 0.0 0.0
11.18421052631579 68.50394082143606 5.0 1.377027027027027 4.131081081081081 0.0 0.0 0.0
11.947368421052632 72.0270097997768 5.0 1.377027027027027 4.131081081081081 0.0 0.0 0.0
12.710526315789474 64.94601213911082 5.0 1.377027027027027 4.131081081081081 0.0 0.0 0.0
13.473684210526317 68.23201407611974 5.0 1.377027027027027 4.131081081081081 0.0 0.0 0.0
14.23684210526316 71.92562155260367 5.0 1.377027027027027 4.131081081081081 0.0 0.0 0.0
15.0 67.59654618025992 5.0 1.377027027027027 4.131081081081081 0.0 0.0 0.0
