0.5 67.62226865653022 5.0 1.3324324324324324 3.9972972972972967 0.0 0.0 0.0
1.263157894736842 67.17816154137584 5.0 1.3324324324324324 3.9972972972972967 0.0 0.0 0.0
2.026315789473684 68.68457907514865 5.0 1.3324324324324324 3.9972972972972967 0.0 0.0 0.0
2.7894736842105265 68.25995711429896 5.0 1.3324324324324324 3.9972972972972967 0.0 0.0 0.0
3.5526315789473686 67.3495544355932 5.0 1.3324324324324324 3.9972972972972967 0.0 0.0 0.0
4.315789473684211 68.29147161865427 5.0 1.3324324324324324 3.9972972972972967 0.0 0.0 0.0
5.078947368421053 66.49357233293918 5.0 1.3324324324324324 3.9972972972972967 0.0 0.0 0.0
5.842105263157895 67.86029580728882 5.0 1.3324324324324324 3.9972972972972967 0.0 0.0 0.0
6.605263157894737 64.44318841356254 5.0 1.3324324324324324 3.9972972972972967 0.0 0.0 0.0
7.36842105263158 67.730739398539 5.0 1.3324324324324324 3.9972972972972967 0.0 0.0 0.0
8.131578947368421 68.62687467747965 5.0 1.3324324324324324 3.9972972972972967 0.0 0.0 0.0
8.894736842105264 64.612577337405 5.0 1.3324324324324324 3.9972972972972967 0.0 0.0 0.0
9.657894736842106 66.77711791860015 5.0 1.3324324324324324 3.9972972972972967 0.0 0.0 0.0
10.421052631578949 64.75081409273353 5.0 1.3324324324324324 3.9972972972972967 0.0 0.0 0.0
11.18421052631579 65.04210153207327 5.0 1.3324324324324324 3.9972972972972967 0.0 0.0 0.0
11.947368421052632 63.24683355631515 5.0 1.3324324324324324 3.9972972972972967 0.0 0.0 0.0
12.710526315789474 70.41894639712127 5.0 1.3324324324324324 3.9972972972972967 0.0 0.0 0.0
13.473684210526317 69.81867714578176 5.0 1.3324324324324324 3.9972972972972967 0.0 0.0 0.0
14.23684210526316 68.23392318430362 5.0 1.3324324324324324 3.9972972972972967 0.0 0.0 0.0
15.0 72.53820947745305 5.0 1.3324324324324324 3.9972972972972967 0.0 0.0 0.0
