0.5 208.02379317176243 5.0 62.54545454545455 156.36363636363637 0.0 0.0 0.0
1.263157894736842 212.84699902922088 5.0 62.54545454545455 156.36363636363637 0.0 0.0 0.0
2.026315789473684 207.11543505217432 5.0 62.54545454545455 156.36363636363637 0.0 0.0 0.0
2.7894736842105265 211.88155220138623 5.0 62.54545454545455 156.36363636363637 0.0 0.0 0.0
3.5526315789473686 206.55174712420944 5.0 62.54545454545455 156.36363636363637 0.0 0.0 0.0
4.315789473684211 208.30409294564464 5.0 62.54545454545455 156.36363636363637 0.0 0.0 0.0
5.078947368421053 205.26896082797785 5.0 62.54545454545455 156.36363636363637 0.0 0.0 0.0
5.842105263157895 209.84991964589105 5.0 62.54545454545455 156.36363636363637 0.0 0.0 0.0
6.605263157894737 212.8202263556281 5.0 62.54545454545455 156.36363636363637 0.0 0.0 0.0
7.36842105263158 208.25277994538592 5.0 62.54545454545455 156.36363636363637 0.0 0.0 0.0
8.131578947368421 207.89419138873677 5.0 62.54545454545455 156.36363636363637 0.0 0.0 0.0
8.894736842105264 205.1409975956447 5.0 62.54545454545455 156.36363636363637 0.0 0.0 0.0
9.657894736842106 207.79697052419158 5.0 62.54545454545455 156.36363636363637 0.0 0.0 0.0
10.421052631578949 203.7064657056839 5.0 62.54545454545455 156.36363636363637 0.0 0.0 0.0
11.18421052631579 205.74621452469202 5.0 62.54545454545455 156.36363636363637 0.0 0.0 0.0
11.947368421052632 209.1652066231759 5.0 62.54545454545455 156.36363636363637 0.0 0.0 0.0
12.710526315789474 212.44188807807268 5.0 62.54545454545455 156.36363636363637 0.0 0.0 0.0
13.473684210526317 216.912481068537 5.0 62.54545454545455 156.36363636363637 0.0 0.0 0.0
14.23684210526316 206.7250932296358 5.0 62.54545454545455 156.36363636363637 0.0 0.0 0.0
15.0 212.79074895478482 5.0 62.54545454545455 156.36363636363637 0.0 0.0 0.0
