0.5 217.0448493269375 5.0 66.18181818181819 165.45454545454547 0.0 0.0 0.0
1.263157894736842 219.5162786633542 5.0 66.18181818181819 165.45454545454547 0.0 0.0 0.0
2.026315789473684 219.84223609676252 5.0 66.18181818181819 165.45454545454547 0.0 0.0 0.0
2.7894736842105265 216.08408366274148 5.0 66.18181818181819 165.45454545454547 0.0 0.0 0.0
3.5526315789473686 217.65058650912815 5.0 66.18181818181819 165.45454545454547 0.0 0.0 0.0
4.315789473684211 218.0235355704899 5.0 66.18181818181819 165.45454545454547 0.0 0.0 0.0
5.078947368421053 227.9783328822883 5.0 66.18181818181819 165.45454545454547 0.0 0.0 0.0
5.842105263157895 226.01128644930208 5.0 66.18181818181819 165.45454545454547 0.0 0.0 0.0
6.605263157894737 219.37081235300667 5.0 66.18181818181819 165.45454545454547 0.0 0.0 0.0
7.36842105263158 219.51531073514022 5.0 66.18181818181819 165.45454545454547 0.0 0.0 0.0
8.131578947368421 217.15844861449574 5.0 66.18181818181819 165.45454545454547 0.0 0.0 0.0
8.894736842105264 214.8816693663848 5.0 66.18181818181819 165.45454545454547 0.0 0.0 0.0
9.657894736842106 220.25542004683504 5.0 66.18181818181819 165.45454545454547 0.0 0.0 0.0
10.421052631578949 217.61250465632855 5.0 66.18181818181819 165.45454545454547 0.0 0.0 0.0
11.18421052631579 220.3515090110746 5.0 66.18181818181819 165.45454545454547 0.0 0.0 0.0
11.947368421052632 215.8054430589302 5.0 66.18181818181819 165.45454545454547 0.0 0.0 0.0
12.710526315789474 218.32013723112985 5.0 66.18181818181819 165.45454545454547 0.0 0.0 0.0
13.473684210526317 221.0519418919691 5.0 66.18181818181819 165.45454545454547 0.0 0.0 0.0
14.23684210526316 221.70468939941244 5.0 66.18181818181819 165.45454545454547 0.0 0.0 0.0
15.0 221.85847648228668 5.0 66.18181818181819 165.45454545454547 0.0 0.0 0.0
