0.5 216.72363128254688 5.0 64.0 160.0 0.0 0.0 0.0
1.263157894736842 215.1756308646712 5.0 64.0 160.0 0.0 0.0 0.0
2.026315789473684 215.128374474558 5.0 64.0 160.0 0.0 0.0 0.0
2.7894736842105265 214.89231505337284 5.0 64.0 160.0 0.0 0.0 0.0
3.5526315789473686 210.04132030969222 5.0 64.0 160.0 0.0 0.0 0.0
4.315789473684211 215.4355028039121 5.0 64.0 160.0 0.0 0.0 0.0
5.078947368421053 209.26589141995368 5.0 64.0 160.0 0.0 0.0 0.0
5.842105263157895 210.9495349679582 5.0 64.0 160.0 0.0 0.0 0.0
6.605263157894737 217.2440285367576 5.0 64.0 160.0 0.0 0.0 0.0
7.36842105263158 215.85399382141594 5.0 64.0 160.0 0.0 0.0 0.0
8.131578947368421 217.79552820239093 5.0 64.0 160.0 0.0 0.0 0.0
8.894736842105264 212.51831018227148 5.0 64.0 160.0 0.0 0.0 0.0
9.657894736842106 209.87658680950304 5.0 64.0 160.0 0.0 0.0 0.0
10.421052631578949 212.61202174212232 5.0 64.0 160.0 0.0 0.0 0.0
11.18421052631579 213.63942722505507 5.0 64.0 160.0 0.0 0.0 0.0
11.947368421052632 213.57029948235336 5.0 64.0 160.0 0.0 0.0 0.0
12.710526315789474 216.73437476960345 5.0 64.0 160.0 0.0 0.0 0.0
13.473684210526317 212.249522058323 5.0 64.0 160.0 0.0 0.0 0.0
14.23684210526316 214.38943674874213 5.0 64.0 160.0 0.0 0.0 0.0
15.0 210.36745188502954 5.0 64.0 160.0 0.0 0.0 0.0
