0.5 234.13397279962444 5.0 69.0909090909091 172.72727272727275 0.0 0.0 0.0
1.263157894736842 227.29915600476068 5.0 69.0909090909091 172.72727272727275 0.0 0.0 0.0
2.026315789473684 235.35378893164437 5.0 69.0909090909091 172.72727272727275 0.0 0.0 0.0
2.7894736842105265 228.71010078936317 5.0 69.0909090909091 172.72727272727275 0.0 0.0 0.0
3.5526315789473686 233.4376487403936 5.0 69.0909090909091 172.72727272727275 0.0 0.0 0.0
4.315789473684211 230.50699018118357 5.0 69.0909090909091 172.72727272727275 0.0 0.0 0.0
5.078947368421053 229.06658216765942 5.0 69.0909090909091 172.72727272727275 0.0 0.0 0.0
5.842105263157895 224.87993972370552 5.0 69.0909090909091 172.72727272727275 0.0 0.0 0.0
6.605263157894737 229.78833677238126 5.0 69.0909090909091 172.72727272727275 0.0 0.0 0.0
7.36842105263158 225.62488059711347 5.0 69.0909090909091 172.72727272727275 0.0 0.0 0.0
8.131578947368421 233.20492801055863 5.0 69.0909090909091 172.72727272727275 0.0 0.0 0.0
8.894736842105264 234.85340827444804 5.0 69.0909090909091 172.72727272727275 0.0 0.0 0.0
9.657894736842106 227.91229733514024 5.0 69.0909090909091 172.72727272727275 0.0 0.0 0.0
10.421052631578949 231.20894253058813 5.0 69.0909090909091 172.72727272727275 0.0 0.0 0.0
11.18421052631579 228.1268557370064 5.0 69.0909090909091 172.72727272727275 0.0 0.0 0.0
11.947368421052632 228.41757611261994 5.0 69.0909090909091 172.72727272727275 0.0 0.0 0.0
12.710526315789474 232.62651441462643 5.0 69.0909090909091 172.72727272727275 0.0 0.0 0.0
13.473684210526317 230.18741551750009 5.0 69.0909090909091 172.72727272727275 0.0 0.0 0.0
14.23684210526316 235.52197442882334 5.0 69.0909090909091 172.72727272727275 0.0 0.0 0.0
15.0 228.85633286692155 5.0 69.0909090909091 172.72727272727275 0.0 0.0 0.0
