0.5 73.75278792478727 5.0 1.4959459459459459 4.487837837837837 0.0 0.0 0.0
1.263157894736842 77.08964051380266 5.0 1.4959459459459459 4.487837837837837 0.0 0.0 0.0
2.026315789473684 79.85995641575721 5.0 1.4959459459459459 4.487837837837837 0.0 0.0 0.0
2.7894736842105265 77.14368201458151 5.0 1.4959459459459459 4.487837837837837 0.0 0.0 0.0
3.5526315789473686 70.39250601769075 5.0 1.4959459459459459 4.487837837837837 0.0 0.0 0.0
4.315789473684211 74.10019557916698 5.0 1.4959459459459459 4.487837837837837 0.0 0.0 0.0
5.078947368421053 75.56720044054188 5.0 1.4959459459459459 4.487837837837837 0.0 0.0 0.0
5.842105263157895 75.33007064806807 5.0 1.4959459459459459 4.487837837837837 0.0 0.0 0.0
6.605263157894737 76.41521095612592 5.0 1.4959459459459459 4.487837837837837 0.0 0.0 0.0
7.36842105263158 72.046150457915 5.0 1.4959459459459459 4.487837837837837 0.0 0.0 0.0
8.131578947368421 74.99212655994953 5.0 1.4959459459459459 4.487837837837837 0.0 0.0 0.0
8.894736842105264 76.05826578662568 5.0 1.4959459459459459 4.487837837837837 0.0 0.0 0.0
9.657894736842106 77.27431015720828 5.0 1.4959459459459459 4.487837837837837 0.0 0.0 0.0
10.421052631578949 72.38014279745892 5.0 1.4959459459459459 4.487837837837837 0.0 0.0 0.0
11.18421052631579 73.7618266955686 5.0 1.4959459459459459 4.487837837837837 0.0 0.0 0.0
11.947368421052632 66.68584425707726 5.0 1.4959459459459459 4.487837837837837 0.0 0.0 0.0
12.710526315789474 72.93291139456397 5.0 1.4959459459459459 4.487837837837837 0.0 0.0 0.0
13.473684210526317 73.22405261838416 5.0 1.4959459459459459 4.487837837837837 0.0 0.0 0.0
14.23684210526316 71.73854377279497 5.0 1.4959459459459459 4.487837837837837 0.0 0.0 0.0
15.0 75.29413374799525 5.0 1.4959459459459459 4.487837837837837 0.0 0.0 0.0
