0.5 77.79843316944226 5.0 1.4513513513513514 4.354054054054053 0.0 0.0 0.0
1.263157894736842 74.87337886405668 5.0 1.4513513513513514 4.354054054054053 0.0 0.0 0.0
2.026315789473684 70.89605598640827 5.0 1.4513513513513514 4.354054054054053 0.0 0.0 0.0
2.7894736842105265 76.48110865891422 5.0 1.4513513513513514 4.354054054054053 0.0 0.0 0.0
3.5526315789473686 70.3460201060642 5.0 1.4513513513513514 4.354054054054053 0.0 0.0 0.0
4.315789473684211 75.59486697876959 5.0 1.4513513513513514 4.354054054054053 0.0 0.0 0.0
5.078947368421053 68.49093582979852 5.0 1.4513513513513514 4.354054054054053 0.0 0.0 0.0
5.842105263157895 75.78734106293504 5.0 1.4513513513513514 4.354054054054053 0.0 0.0 0.0
6.605263157894737 71.3491666311546 5.0 1.4513513513513514 4.354054054054053 0.0 0.0 0.0
7.36842105263158 69.48205484474376 5.0 1.4513513513513514 4.354054054054053 0.0 0.0 0.0
8.131578947368421 71.91613672833863 5.0 1.4513513513513514 4.354054054054053 0.0 0.0 0.0
8.894736842105264 73.39960010672822 5.0 1.4513513513513514 4.354054054054053 0.0 0.0 0.0
9.657894736842106 71.08332227599043 5.0 1.4513513513513514 4.354054054054053 0.0 0.0 0.0
10.421052631578949 74.22942808555354 5.0 1.4513513513513514 4.354054054054053 0.0 0.0 0.0
11.18421052631579 70.81858591657536 5.0 1.4513513513513514 4.354054054054053 0.0 0.0 0.0
11.947368421052632 74.42868474936164 5.0 1.4513513513513514 4.354054054054053 0.0 0.0 0.0
12.710526315789474 73.89423375367737 5.0 1.4513513513513514 4.354054054054053 0.0 0.0 0.0
13.473684210526317 72.38479840344375 5.0 1.4513513513513514 4.354054054054053 0.0 0.0 0.0
14.23684210526316 71.24342063046971 5.0 1.4513513513513514 4.354054054054053 0.0 0.0 0.0
15.0 73.02218995486336 5.0 1.4513513513513514 4.354054054054053 0.0 0.0 0.0
