0.5 74.61879213951724 5.0 1.4067567567567567 4.22027027027027 0.0 0.0 0.0
1.263157894736842 70.5939519826456 5.0 1.4067567567567567 4.22027027027027 0.0 0.0 0.0
2.026315789473684 65.35332307862231 5.0 1.4067567567567567 4.22027027027027 0.0 0.0 0.0
2.7894736842105265 64.80547648433526 5.0 1.4067567567567567 4.22027027027027 0.0 0.0 0.0
3.5526315789473686 71.10308396944112 5.0 1.4067567567567567 4.22027027027027 0.0 0.0 0.0
4.315789473684211 68.56190141464789 5.0 1.4067567567567567 4.22027027027027 0.0 0.0 0.0
5.078947368421053 67.59410900285579 5.0 1.4067567567567567 4.22027027027027 0.0 0.0 0.0
5.842105263157895 70.14959778593182 5.0 1.4067567567567567 4.22027027027027 0.0 0.0 0.0
6.605263157894737 72.1845937014217 5.0 1.4067567567567567 4.22027027027027 0.0 0.0 0.0
7.36842105263158 65.9795651975514 5.0 1.4067567567567567 4.22027027027027 0.0 0.0 0.0
8.131578947368421 68.99120497699668 5.0 1.4067567567567567 4.22027027027027 0.0 0.0 0.0
8.894736842105264 74.86744988719879 5.0 1.4067567567567567 4.22027027027027 0.0 0.0 0.0
9.657894736842106 67.11197269717371 5.0 1.4067567567567567 4.22027027027027 0.0 0.0 0.0
10.421052631578949 72.9471213993327 5.0 1.4067567567567567 4.22027027027027 0.0 0.0 0.0
11.18421052631579 68.88364555319086 5.0 1.4067567567567567 4.22027027027027 0.0 0.0 0.0
11.947368421052632 71.9752191173877 5.0 1.4067567567567567 4.22027027027027 0.0 0.0 0.0
12.710526315789474 73.62982035944644 5.0 1.4067567567567567 4.22027027027027 0.0 0.0 0.0
13.473684210526317 72.5616831387929 5.0 1.4067567567567567 4.22027027027027 0.0 0.0 0.0
14.23684210526316 73.06531664447947 5.0 1.4067567567567567 4.22027027027027 0.0 0.0 0.0
15.0 66.88305723761397 5.0 1.4067567567567567 4.22027027027027 0.0 0.0 0.0
