0.5 76.96136329273344 5.0 1.5256756756756755 4.577027027027026 0.0 0.0 0.0
1.263157894736842 77.25843794025752 5.0 1.5256756756756755 4.577027027027026 0.0 0.0 0.0
2.026315789473684 81.91892117976316 5.0 1.5256756756756755 4.577027027027026 0.0 0.0 0.0
2.7894736842105265 74.27705576377352 5.0 1.5256756756756755 4.577027027027026 0.0 0.0 0.0
3.5526315789473686 76.06334779901258 5.0 1.5256756756756755 4.577027027027026 0.0 0.0 0.0
4.315789473684211 77.56215562424205 5.0 1.5256756756756755 4.577027027027026 0.0 0.0 0.0
5.078947368421053 76.21351490618133 5.0 1.5256756756756755 4.577027027027026 0.0 0.0 0.0
5.842105263157895 74.78192934581782 5.0 1.5256756756756755 4.577027027027026 0.0 0.0 0.0
6.605263157894737 71.63601225475105 5.0 1.5256756756756755 4.577027027027026 0.0 0.0 0.0
7.36842105263158 74.75128010662473 5.0 1.5256756756756755 4.577027027027026 0.0 0.0 0.0
8.131578947368421 73.06267654563037 5.0 1.5256756756756755 4.577027027027026 0.0 0.0 0.0
8.894736842105264 71.10396374041244 5.0 1.5256756756756755 4.577027027027026 0.0 0.0 0.0
9.657894736842106 73.89674725877201 5.0 1.5256756756756755 4.577027027027026 0.0 0.0 0.0
10.421052631578949 73.14250862148441 5.0 1.5256756756756755 4.577027027027026 0.0 0.0 0.0
11.18421052631579 78.03514341966262 5.0 1.5256756756756755 4.577027027027026 0.0 0.0 0.0
11.947368421052632 78.08705929602665 5.0 1.5256756756756755 4.577027027027026 0.0 0.0 0.0
12.710526315789474 73.57214591504115 5.0 1.5256756756756755 4.577027027027026 0.0 0.0 0.0
13.473684210526317 75.50309789209442 5.0 1.5256756756756755 4.577027027027026 0.0 0.0 0.0
14.23684210526316 70.70905579744617 5.0 1.5256756756756755 4.577027027027026 0.0 0.0 0.0
15.0 74.80076393323569 5.0 1.5256756756756755 4.577027027027026 0.0 0.0 0.0
