0.5 69.2352835991679 5.0 1.481081081081081 4.443243243243243 0.0 0.0 0.0
1.263157894736842 73.1145922373292 5.0 1.481081081081081 4.443243243243243 0.0 0.0 0.0
2.026315789473684 74.55060044010433 5.0 1.481081081081081 4.443243243243243 0.0 0.0 0.0
2.7894736842105265 76.39054320541715 5.0 1.481081081081081 4.443243243243243 0.0 0.0 0.0
3.5526315789473686 76.78435853887336 5.0 1.481081081081081 4.443243243243243 0.0 0.0 0.0
4.315789473684211 74.90577205758046 5.0 1.481081081081081 4.443243243243243 0.0 0.0 0.0
5.078947368421053 75.80979664813061 5.0 1.481081081081081 4.443243243243243 0.0 0.0 0.0
5.842105263157895 74.24646446118851 5.0 1.481081081081081 4.443243243243243 0.0 0.0 0.0
6.605263157894737 72.03249898951236 5.0 1.481081081081081 4.443243243243243 0.0 0.0 0.0
7.36842105263158 73.27026088093028 5.0 1.481081081081081 4.443243243243243 0.0 0.0 0.0
8.131578947368421 74.11102761397437 5.0 1.481081081081081 4.443243243243243 0.0 0.0 0.0
8.894736842105264 73.95001630399828 5.0 1.481081081081081 4.443243243243243 0.0 0.0 0.0
9.657894736842106 68.39733534072364 5.0 1.481081081081081 4.443243243243243 0.0 0.0 0.0
10.421052631578949 72.86160404926575 5.0 1.481081081081081 4.443243243243243 0.0 0.0 0.0
11.18421052631579 74.2226710133215 5.0 1.481081081081081 4.443243243243243 0.0 0.0 0.0
11.947368421052632 73.20994407833695 5.0 1.481081081081081 4.443243243243243 0.0 0.0 0.0
12.710526315789474 73.3135826675193 5.0 1.481081081081081 4.443243243243243 0.0 0.0 0.0
13.473684210526317 75.51802816646781 5.0 1.481081081081081 4.443243243243243 0.0 0.0 0.0
14.23684210526316 70.81718249290815 5.0 1.481081081081081 4.443243243243243 0.0 0.0 0.0
15.0 69.16992741220042 5.0 1.481081081081081 4.443243243243243 0.0 0.0 0.0
