0.5 75.37270424440474 5.0 1.510810810810811 4.532432432432433 0.0 0.0 0.0
1.263157894736842 68.76289890780771 5.0 1.510810810810811 4.532432432432433 0.0 0.0 0.0
2.026315789473684 76.18706444844582 5.0 1.510810810810811 4.532432432432433 0.0 0.0 0.0
2.7894736842105265 72.75556814817347 5.0 1.510810810810811 4.532432432432433 0.0 0.0 0.0
3.5526315789473686 76.9976074181121 5.0 1.510810810810811 4.532432432432433 0.0 0.0 0.0
4.315789473684211 71.69498679735455 5.0 1.510810810810811 4.532432432432433 0.0 0.0 0.0
5.078947368421053 75.63056015613337 5.0 1.510810810810811 4.532432432432433 0.0 0.0 0.0
5.842105263157895 74.69105055388103 5.0 1.510810810810811 4.532432432432433 0.0 0.0 0.0
6.605263157894737 76.44984619539154 5.0 1.510810810810811 4.532432432432433 0.0 0.0 0.0
7.36842105263158 75.91463237349458 5.0 1.510810810810811 4.532432432432433 0.0 0.0 0.0
8.131578947368421 74.77504801547619 5.0 1.510810810810811 4.532432432432433 0.0 0.0 0.0
8.894736842105264 70.93172359840781 5.0 1.510810810810811 4.532432432432433 0.0 0.0 0.0
9.657894736842106 71.10891665015745 5.0 1.510810810810811 4.532432432432433 0.0 0.0 0.0
10.421052631578949 73.78887972326389 5.0 1.510810810810811 4.532432432432433 0.0 0.0 0.0
11.18421052631579 75.51570088875178 5.0 1.510810810810811 4.532432432432433 0.0 0.0 0.0
11.947368421052632 73.7157966989432 5.0 1.510810810810811 4.532432432432433 0.0 0.0 0.0
12.710526315789474 77.41617633227895 5.0 1.510810810810811 4.532432432432433 0.0 0.0 0.0
13.473684210526317 74.7028777829055 5.0 1.510810810810811 4.532432432432433 0.0 0.0 0.0
14.23684210526316 72.64550236620201 5.0 1.510810810810811 4.532432432432433 0.0 0.0 0.0
15.0 74.70625166157681 5.0 1.510810810810811 4.532432432432433 0.0 0.0 0.0
