0.5 74.9615720399119 5.0 1.4662162162162162 4.398648648648648 0.0 0.0 0.0
1.263157894736842 79.49620826900563 5.0 1.4662162162162162 4.398648648648648 0.0 0.0 0.0
2.026315789473684 76.12907207620535 5.0 1.4662162162162162 4.398648648648648 0.0 0.0 0.0
2.7894736842105265 76.23878066025833 5.0 1.4662162162162162 4.398648648648648 0.0 0.0 0.0
3.5526315789473686 82.57634739539165 5.0 1.4662162162162162 4.398648648648648 0.0 0.0 0.0
4.315789473684211 74.85868624111434 5.0 1.4662162162162162 4.398648648648648 0.0 0.0 0.0
5.078947368421053 74.76474134474591 5.0 1.4662162162162162 4.398648648648648 0.0 0.0 0.0
5.842105263157895 75.42285603377577 5.0 1.4662162162162162 4.398648648648648 0.0 0.0 0.0
6.605263157894737 70.28391287804605 5.0 1.4662162162162162 4.398648648648648 0.0 0.0 0.0
7.36842105263158 71.97910590155453 5.0 1.4662162162162162 4.398648648648648 0.0 0.0 0.0
8.131578947368421 71.7923030107338 5.0 1.4662162162162162 4.398648648648648 0.0 0.0 0.0
8.894736842105264 75.2536527424695 5.0 1.4662162162162162 4.398648648648648 0.0 0.0 0.0
9.657894736842106 72.78828712414722 5.0 1.4662162162162162 4.398648648648648 0.0 0.0 0.0
10.421052631578949 73.72548108723372 5.0 1.4662162162162162 4.398648648648648 0.0 0.0 0.0
11.18421052631579 76.5731746712562 5.0 1.4662162162162162 4.398648648648648 0.0 0.0 0.0
11.947368421052632 75.90026302692323 5.0 1.4662162162162162 4.398648648648648 0.0 0.0 0.0
12.710526315789474 72.82564780168707 5.0 1.4662162162162162 4.398648648648648 0.0 0.0 0.0
13.473684210526317 71.30082552017613 5.0 1.4662162162162162 4.398648648648648 0.0 0.0 0.0
14.23684210526316 76.71663500577037 5.0 1.4662162162162162 4.398648648648648 0.0 0.0 0.0
15.0 75.6324843535404 5.0 1.4662162162162162 4.398648648648648 0.0 0.0 0.0
