0.5 275.0840175310144 5.0 81.45454545454545 203.63636363636363 0.0 0.0 0.0
1.263157894736842 271.0560738865329 5.0 81.45454545454545 203.63636363636363 0.0 0.0 0.0
2.026315789473684 273.16575900323085 5.0 81.45454545454545 203.63636363636363 0.0 0.0 0.0
2.7894736842105265 269.4059442724581 5.0 81.45454545454545 203.63636363636363 0.0 0.0 0.0
3.5526315789473686 271.15705291732087 5.0 81.45454545454545 203.63636363636363 0.0 0.0 0.0
4.315789473684211 266.65241096022703 5.0 81.45454545454545 203.63636363636363 0.0 0.0 0.0
5.078947368421053 264.48212158989486 5.0 81.45454545454545 203.63636363636363 0.0 0.0 0.0
5.842105263157895 274.34344891882733 5.0 81.45454545454545 203.63636363636363 0.0 0.0 0.0
6.605263157894737 268.5601667319782 5.0 81.45454545454545 203.63636363636363 0.0 0.0 0.0
7.36842105263158 270.1485679801412 5.0 81.45454545454545 203.63636363636363 0.0 0.0 0.0
8.131578947368421 267.3558247553409 5.0 81.45454545454545 203.63636363636363 0.0 0.0 0.0
8.894736842105264 267.28524240589985 5.0 81.45454545454545 203.63636363636363 0.0 0.0 0.0
9.657894736842106 270.99363841486763 5.0 81.45454545454545 203.63636363636363 0.0 0.0 0.0
10.421052631578949 269.32641993274456 5.0 81.45454545454545 203.63636363636363 0.0 0.0 0.0
11.18421052631579 272.6490645091356 5.0 81.45454545454545 203.63636363636363 0.0 0.0 0.0
11.947368421052632 272.8727667720903 5.0 81.45454545454545 203.63636363636363 0.0 0.0 0.0
12.710526315789474 272.47770045412534 5.0 81.45454545454545 203.63636363636363 0.0 0.0 0.0
13.473684210526317 272.23095388793683 5.0 81.45454545454545 203.63636363636363 0.0 0.0 0.0
14.23684210526316 276.24845612994716 5.0 81.45454545454545 203.63636363636363 0.0 0.0 0.0
15.0 268.31237020801683 5.0 81.45454545454545 203.63636363636363 0.0 0.0 0.0
