0.5 77.7942523589167 5.0 1.5554054054054052 4.666216216216215 0.0 0.0 0.0
1.263157894736842 77.42426528584825 5.0 1.5554054054054052 4.666216216216215 0.0 0.0 0.0
2.026315789473684 80.96320682901181 5.0 1.5554054054054052 4.666216216216215 0.0 0.0 0.0
2.7894736842105265 74.83494763014596 5.0 1.5554054054054052 4.666216216216215 0.0 0.0 0.0
3.5526315789473686 86.21361263006874 5.0 1.5554054054054052 4.666216216216215 0.0 0.0 0.0
4.315789473684211 78.89604270477047 5.0 1.5554054054054052 4.666216216216215 0.0 0.0 0.0
5.078947368421053 78.91275802878327 5.0 1.5554054054054052 4.666216216216215 0.0 0.0 0.0
5.842105263157895 79.34555819218805 5.0 1.5554054054054052 4.666216216216215 0.0 0.0 0.0
6.605263157894737 83.40167969626519 5.0 1.5554054054054052 4.666216216216215 0.0 0.0 0.0
7.36842105263158 80.14779250528808 5.0 1.5554054054054052 4.666216216216215 0.0 0.0 0.0
8.131578947368421 72.9551023332585 5.0 1.5554054054054052 4.666216216216215 0.0 0.0 0.0
8.894736842105264 81.98068142457277 5.0 1.5554054054054052 4.666216216216215 0.0 0.0 0.0
9.657894736842106 76.74758053193521 5.0 1.5554054054054052 4.666216216216215 0.0 0.0 0.0
10.421052631578949 78.09173548878823 5.0 1.5554054054054052 4.666216216216215 0.0 0.0 0.0
11.18421052631579 73.93250835374445 5.0 1.5554054054054052 4.666216216216215 0.0 0.0 0.0
11.947368421052632 79.34887632464195 5.0 1.5554054054054052 4.666216216216215 0.0 0.0 0.0
12.710526315789474 75.8161474000676 5.0 1.5554054054054052 4.666216216216215 0.0 0.0 0.0
13.473684210526317 78.07077918425068 5.0 1.5554054054054052 4.666216216216215 0.0 0.0 0.0
14.23684210526316 76.91797325418791 5.0 1.5554054054054052 4.666216216216215 0.0 0.0 0.0
15.0 83.54530867547781 5.0 1.5554054054054052 4.666216216216215 0.0 0.0 0.0
