0.5 84.46029441395028 5.0 1.5702702702702704 4.710810810810811 0.0 0.0 0.0
1.263157894736842 78.65305302415774 5.0 1.5702702702702704 4.710810810810811 0.0 0.0 0.0
2.026315789473684 78.70544664762008 5.0 1.5702702702702704 4.710810810810811 0.0 0.0 0.0
2.7894736842105265 77.39318461446497 5.0 1.5702702702702704 4.710810810810811 0.0 0.0 0.0
3.5526315789473686 81.83153238802187 5.0 1.5702702702702704 4.710810810810811 0.0 0.0 0.0
4.315789473684211 77.52675390251338 5.0 1.5702702702702704 4.710810810810811 0.0 0.0 0.0
5.078947368421053 77.24950168957642 5.0 1.5702702702702704 4.710810810810811 0.0 0.0 0.0
5.842105263157895 81.44929210450842 5.0 1.5702702702702704 4.710810810810811 0.0 0.0 0.0
6.605263157894737 76.89861622756356 5.0 1.5702702702702704 4.710810810810811 0.0 0.0 0.0
7.36842105263158 78.40024841016792 5.0 1.5702702702702704 4.710810810810811 0.0 0.0 0.0
8.131578947368421 73.76958116898054 5.0 1.5702702702702704 4.710810810810811 0.0 0.0 0.0
8.894736842105264 80.62608454888301 5.0 1.5702702702702704 4.710810810810811 0.0 0.0 0.0
9.657894736842106 84.33611433105912 5.0 1.5702702702702704 4.710810810810811 0.0 0.0 0.0
10.421052631578949 80.6771896319129 5.0 1.5702702702702704 4.710810810810811 0.0 0.0 0.0
11.18421052631579 82.89891101615544 5.0 1.5702702702702704 4.710810810810811 0.0 0.0 0.0
11.947368421052632 75.97520710498152 5.0 1.5702702702702704 4.710810810810811 0.0 0.0 0.0
12.710526315789474 79.22248635959812 5.0 1.5702702702702704 4.710810810810811 0.0 0.0 0.0
13.473684210526317 75.68403374040534 5.0 1.5702702702702704 4.710810810810811 0.0 0.0 0.0
14.23684210526316 77.83021687676948 5.0 1.5702702702702704 4.710810810810811 0.0 0.0 0.0
15.0 80.83014794557103 5.0 1.5702702702702704 4.710810810810811 0.0 0.0 0.0
