0.5 260.43838249189224 5.0 79.27272727272727 198.1818181818182 0.0 0.0 0.0
1.263157894736842 255.99339618353252 5.0 79.27272727272727 198.1818181818182 0.0 0.0 0.0
2.026315789473684 263.5400476305755 5.0 79.27272727272727 198.1818181818182 0.0 0.0 0.0
2.7894736842105265 263.6772718606311 5.0 79.27272727272727 198.1818181818182 0.0 0.0 0.0
3.5526315789473686 262.9690361130786 5.0 79.27272727272727 198.1818181818182 0.0 0.0 0.0
4.315789473684211 267.4790613595135 5.0 79.27272727272727 198.1818181818182 0.0 0.0 0.0
5.078947368421053 267.8379837519743 5.0 79.27272727272727 198.1818181818182 0.0 0.0 0.0
5.842105263157895 263.73125897235593 5.0 79.27272727272727 198.1818181818182 0.0 0.0 0.0
6.605263157894737 257.83834323999366 5.0 79.27272727272727 198.1818181818182 0.0 0.0 0.0
7.36842105263158 266.09426898390103 5.0 79.27272727272727 198.1818181818182 0.0 0.0 0.0
8.131578947368421 265.90850492795 5.0 79.27272727272727 198.1818181818182 0.0 0.0 0.0
8.894736842105264 265.1705989528951 5.0 79.27272727272727 198.1818181818182 0.0 0.0 0.0
9.657894736842106 267.18686349034857 5.0 79.27272727272727 198.1818181818182 0.0 0.0 0.0
10.421052631578949 260.7479399530411 5.0 79.27272727272727 198.1818181818182 0.0 0.0 0.0
11.18421052631579 270.26869040097966 5.0 79.27272727272727 198.1818181818182 0.0 0.0 0.0
11.947368421052632 261.36414098299866 5.0 79.27272727272727 198.1818181818182 0.0 0.0 0.0
12.710526315789474 266.4900930240268 5.0 79.27272727272727 198.1818181818182 0.0 0.0 0.0
13.473684210526317 259.1803811591842 5.0 79.27272727272727 198.1818181818182 0.0 0.0 0.0
14.23684210526316 261.4516301806141 5.0 79.27272727272727 198.1818181818182 0.0 0.0 0.0
15.0 268.79153018260024 5.0 79.27272727272727 198.1818181818182 0.0 0.0 0.0
