0.5 78.22397272913406 5.0 1.5405405405405406 4.621621621621622 0.0 0.0 0.0
1.263157894736842 79.50184069586933 5.0 1.5405405405405406 4.621621621621622 0.0 0.0 0.0
2.026315789473684 74.88788578195309 5.0 1.5405405405405406 4.621621621621622 0.0 0.0 0.0
2.7894736842105265 80.18259160860958 5.0 1.5405405405405406 4.621621621621622 0.0 0.0 0.0
3.5526315789473686 72.47995126248662 5.0 1.5405405405405406 4.621621621621622 0.0 0.0 0.0
4.315789473684211 73.28414362959566 5.0 1.5405405405405406 4.621621621621622 0.0 0.0 0.0
5.078947368421053 79.15601262394065 5.0 1.5405405405405406 4.621621621621622 0.0 0.0 0.0
5.842105263157895 82.04039071271677 5.0 1.5405405405405406 4.621621621621622 0.0 0.0 0.0
6.605263157894737 78.50732299157812 5.0 1.5405405405405406 4.621621621621622 0.0 0.0 0.0
7.36842105263158 76.905999867425 5.0 1.5405405405405406 4.621621621621622 0.0 0.0 0.0
8.131578947368421 70.4414757874604 5.0 1.5405405405405406 4.621621621621622 0.0 0.0 0.0
8.894736842105264 70.95968585889659 5.0 1.5405405405405406 4.621621621621622 0.0 0.0 0.0
9.657894736842106 77.41525563771464 5.0 1.5405405405405406 4.621621621621622 0.0 0.0 0.0
10.421052631578949 75.95283901831351 5.0 1.5405405405405406 4.621621621621622 0.0 0.0 0.0
11.18421052631579 73.70952148057067 5.0 1.5405405405405406 4.621621621621622 0.0 0.0 0.0
11.947368421052632 77.22362476951719 5.0 1.5405405405405406 4.621621621621622 0.0 0.0 0.0
12.710526315789474 77.37242112955046 5.0 1.5405405405405406 4.621621621621622 0.0 0.0 0.0
13.473684210526317 79.86027463264784 5.0 1.5405405405405406 4.621621621621622 0.0 0.0 0.0
14.23684210526316 77.43683387606514 5.0 1.5405405405405406 4.621621621621622 0.0 0.0 0.0
15.0 80.71221013203018 5.0 1.5405405405405406 4.621621621621622 0.0 0.0 0.0
