0.5 259.8585786894453 5.0 77.0909090909091 192.72727272727275 0.0 0.0 0.0
1.263157894736842 254.79586381514383 5.0 77.0909090909091 192.72727272727275 0.0 0.0 0.0
2.026315789473684 254.40841930193477 5.0 77.0909090909091 192.72727272727275 0.0 0.0 0.0
2.7894736842105265 258.348814834742 5.0 77.0909090909091 192.72727272727275 0.0 0.0 0.0
3.5526315789473686 259.93535669709297 5.0 77.0909090909091 192.72727272727275 0.0 0.0 0.0
4.315789473684211 257.0904664756984 5.0 77.0909090909091 192.72727272727275 0.0 0.0 0.0
5.078947368421053 253.1105169644459 5.0 77.0909090909091 192.72727272727275 0.0 0.0 0.0
5.842105263157895 252.88892187082902 5.0 77.0909090909091 192.72727272727275 0.0 0.0 0.0
6.605263157894737 252.68828776313828 5.0 77.0909090909091 192.72727272727275 0.0 0.0 0.0
7.36842105263158 251.66683063087885 5.0 77.0909090909091 192.72727272727275 0.0 0.0 0.0
8.131578947368421 257.2981530480383 5.0 77.0909090909091 192.72727272727275 0.0 0.0 0.0
8.894736842105264 260.3448287348211 5.0 77.0909090909091 192.72727272727275 0.0 0.0 0.0
9.657894736842106 256.9294496089226 5.0 77.0909090909091 192.72727272727275 0.0 0.0 0.0
10.421052631578949 250.18845269768343 5.0 77.0909090909091 192.72727272727275 0.0 0.0 0.0
11.18421052631579 256.3974155886934 5.0 77.0909090909091 192.72727272727275 0.0 0.0 0.0
11.947368421052632 256.4812999797992 5.0 77.0909090909091 192.72727272727275 0.0 0.0 0.0
12.710526315789474 263.2576932203733 5.0 77.0909090909091 192.72727272727275 0.0 0.0 0.0
13.473684210526317 252.59828323093834 5.0 77.0909090909091 192.72727272727275 0.0 0.0 0.0
14.23684210526316 255.7976641618994 5.0 77.0909090909091 192.72727272727275 0.0 0.0 0.0
15.0 262.0872550113307 5.0 77.0909090909091 192.72727272727275 0.0 0.0 0.0
