0.5 298.18515995313527 5.0 88.72727272727272 221.8181818181818 0.0 0.0 0.0
1.263157894736842 296.04389287303894 5.0 88.72727272727272 221.8181818181818 0.0 0.0 0.0
2.026315789473684 288.4484487678338 5.0 88.72727272727272 221.8181818181818 0.0 0.0 0.0
2.7894736842105265 292.8073278215987 5.0 88.72727272727272 221.8181818181818 0.0 0.0 0.0
3.5526315789473686 297.82085915237536 5.0 88.72727272727272 221.8181818181818 0.0 0.0 0.0
4.315789473684211 299.39622683274524 5.0 88.72727272727272 221.8181818181818 0.0 0.0 0.0
5.078947368421053 299.08508519205213 5.0 88.72727272727272 221.8181818181818 0.0 0.0 0.0
5.842105263157895 290.9815367508514 5.0 88.72727272727272 221.8181818181818 0.0 0.0 0.0
6.605263157894737 296.66223267801445 5.0 88.72727272727272 221.8181818181818 0.0 0.0 0.0
7.36842105263158 298.8041214070245 5.0 88.72727272727272 221.8181818181818 0.0 0.0 0.0
8.131578947368421 290.782569060829 5.0 88.72727272727272 221.8181818181818 0.0 0.0 0.0
8.894736842105264 295.733862211456 5.0 88.72727272727272 221.8181818181818 0.0 0.0 0.0
9.657894736842106 296.5791029525011 5.0 88.72727272727272 221.8181818181818 0.0 0.0 0.0
10.421052631578949 294.85528200303554 5.0 88.72727272727272 221.8181818181818 0.0 0.0 0.0
11.18421052631579 290.20109019137215 5.0 88.72727272727272 221.8181818181818 0.0 0.0 0.0
11.947368421052632 294.7804814273546 5.0 88.72727272727272 221.8181818181818 0.0 0.0 0.0
12.710526315789474 294.7756594668107 5.0 88.72727272727272 221.8181818181818 0.0 0.0 0.0
13.473684210526317 295.3133585439325 5.0 88.72727272727272 221.8181818181818 0.0 0.0 0.0
14.23684210526316 294.06716148130056 5.0 88.72727272727272 221.8181818181818 0.0 0.0 0.0
15.0 294.42853929785133 5.0 88.72727272727272 221.8181818181818 0.0 0.0 0.0
