0.5 289.80473238340306 5.0 88.00000000000001 220.00000000000003 0.0 0.0 0.0
1.263157894736842 291.00051555008855 5.0 88.00000000000001 220.00000000000003 0.0 0.0 0.0
2.026315789473684 291.4430858025664 5.0 88.00000000000001 220.00000000000003 0.0 0.0 0.0
2.7894736842105265 290.16186871091855 5.0 88.00000000000001 220.00000000000003 0.0 0.0 0.0
3.5526315789473686 290.1776715146381 5.0 88.00000000000001 220.00000000000003 0.0 0.0 0.0
4.315789473684211 292.9004801977726 5.0 88.00000000000001 220.00000000000003 0.0 0.0 0.0
5.078947368421053 289.68317807817414 5.0 88.00000000000001 220.00000000000003 0.0 0.0 0.0
5.842105263157895 295.8597142107463 5.0 88.00000000000001 220.00000000000003 0.0 0.0 0.0
6.605263157894737 290.58007272108085 5.0 88.00000000000001 220.00000000000003 0.0 0.0 0.0
7.36842105263158 301.76204024362255 5.0 88.00000000000001 220.00000000000003 0.0 0.0 0.0
8.131578947368421 291.97917998044016 5.0 88.00000000000001 220.00000000000003 0.0 0.0 0.0
8.894736842105264 293.54938625908454 5.0 88.00000000000001 220.00000000000003 0.0 0.0 0.0
9.657894736842106 289.44730977993527 5.0 88.00000000000001 220.00000000000003 0.0 0.0 0.0
10.421052631578949 298.4516086077163 5.0 88.00000000000001 220.00000000000003 0.0 0.0 0.0
11.18421052631579 296.69183537574213 5.0 88.00000000000001 220.00000000000003 0.0 0.0 0.0
11.947368421052632 294.2240809455417 5.0 88.00000000000001 220.00000000000003 0.0 0.0 0.0
12.710526315789474 289.2929256869947 5.0 88.00000000000001 220.00000000000003 0.0 0.0 0.0
13.473684210526317 293.9653339665072 5.0 88.00000000000001 220.00000000000003 0.0 0.0 0.0
14.23684210526316 289.9690401952816 5.0 88.00000000000001 220.00000000000003 0.0 0.0 0.0
15.0 297.72039912375345 5.0 88.00000000000001 220.00000000000003 0.0 0.0 0.0
