0.5 279.1343554280181 5.0 85.09090909090908 212.72727272727272 0.0 0.0 0.0
1.263157894736842 280.5601332530299 5.0 85.09090909090908 212.72727272727272 0.0 0.0 0.0
2.026315789473684 282.0229295972922 5.0 85.09090909090908 212.72727272727272 0.0 0.0 0.0
2.7894736842105265 287.3216260732041 5.0 85.09090909090908 212.72727272727272 0.0 0.0 0.0
3.5526315789473686 281.7178534637012 5.0 85.09090909090908 212.72727272727272 0.0 0.0 0.0
4.315789473684211 285.5570046143499 5.0 85.09090909090908 212.72727272727272 0.0 0.0 0.0
5.078947368421053 282.0214150277789 5.0 85.09090909090908 212.72727272727272 0.0 0.0 0.0
5.842105263157895 284.38020631891925 5.0 85.09090909090908 212.72727272727272 0.0 0.0 0.0
6.605263157894737 283.21217712993223 5.0 85.09090909090908 212.72727272727272 0.0 0.0 0.0
7.36842105263158 286.2555334366419 5.0 85.09090909090908 212.72727272727272 0.0 0.0 0.0
8.131578947368421 282.03192962170795 5.0 85.09090909090908 212.72727272727272 0.0 0.0 0.0
8.894736842105264 278.9187788863563 5.0 85.09090909090908 212.72727272727272 0.0 0.0 0.0
9.657894736842106 279.4905165422727 5.0 85.09090909090908 212.72727272727272 0.0 0.0 0.0
10.421052631578949 282.04073115453537 5.0 85.09090909090908 212.72727272727272 0.0 0.0 0.0
11.18421052631579 279.8891837243295 5.0 85.09090909090908 212.72727272727272 0.0 0.0 0.0
11.947368421052632 284.8669996834023 5.0 85.09090909090908 212.72727272727272 0.0 0.0 0.0
12.710526315789474 282.23905914178937 5.0 85.09090909090908 212.72727272727272 0.0 0.0 0.0
13.473684210526317 290.7601832864429 5.0 85.09090909090908 212.72727272727272 0.0 0.0 0.0
14.23684210526316 278.42321985095225 5.0 85.09090909090908 212.72727272727272 0.0 0.0 0.0
15.0 284.24726317249304 5.0 85.09090909090908 212.72727272727272 0.0 0.0 0.0
