0.5 278.0958440961941 5.0 82.9090909090909 207.27272727272728 0.0 0.0 0.0
1.263157894736842 276.50330878361996 5.0 82.9090909090909 207.27272727272728 0.0 0.0 0.0
2.026315789473684 278.6492006857638 5.0 82.9090909090909 207.27272727272728 0.0 0.0 0.0
2.7894736842105265 279.8901560931627 5.0 82.9090909090909 207.27272727272728 0.0 0.0 0.0
3.5526315789473686 276.9408997169409 5.0 82.9090909090909 207.27272727272728 0.0 0.0 0.0
4.315789473684211 279.7597932288789 5.0 82.9090909090909 207.27272727272728 0.0 0.0 0.0
5.078947368421053 269.33074268227034 5.0 82.9090909090909 207.27272727272728 0.0 0.0 0.0
5.842105263157895 281.13499325738445 5.0 82.9090909090909 207.27272727272728 0.0 0.0 0.0
6.605263157894737 277.4888228193134 5.0 82.9090909090909 207.27272727272728 0.0 0.0 0.0
7.36842105263158 279.59716643087194 5.0 82.9090909090909 207.27272727272728 0.0 0.0 0.0
8.131578947368421 272.7040091291118 5.0 82.9090909090909 207.27272727272728 0.0 0.0 0.0
8.894736842105264 273.87132671882034 5.0 82.9090909090909 207.27272727272728 0.0 0.0 0.0
9.657894736842106 276.8014512460707 5.0 82.9090909090909 207.27272727272728 0.0 0.0 0.0
10.421052631578949 276.312522695624 5.0 82.9090909090909 207.27272727272728 0.0 0.0 0.0
11.18421052631579 277.21284212766636 5.0 82.9090909090909 207.27272727272728 0.0 0.0 0.0
11.947368421052632 279.61718184642626 5.0 82.9090909090909 207.27272727272728 0.0 0.0 0.0
12.710526315789474 271.06797541772784 5.0 82.9090909090909 207.27272727272728 0.0 0.0 0.0
13.473684210526317 279.2850935787883 5.0 82.9090909090909 207.27272727272728 0.0 0.0 0.0
14.23684210526316 276.38848209351016 5.0 82.9090909090909 207.27272727272728 0.0 0.0 0.0
15.0 275.75229078026274 5.0 82.9090909090909 207.27272727272728 0.0 0.0 0.0
