0.5 274.3745330847241 5.0 83.63636363636363 209.09090909090907 0.0 0.0 0.0
1.263157894736842 280.29702479300937 5.0 83.63636363636363 209.09090909090907 0.0 0.0 0.0
2.026315789473684 271.54555523478564 5.0 83.63636363636363 209.09090909090907 0.0 0.0 0.0
2.7894736842105265 280.7330608215949 5.0 83.63636363636363 209.09090909090907 0.0 0.0 0.0
3.5526315789473686 274.3115612814598 5.0 83.63636363636363 209.09090909090907 0.0 0.0 0.0
4.315789473684211 278.94825252573116 5.0 83.63636363636363 209.09090909090907 0.0 0.0 0.0
5.078947368421053 278.43037227589497 5.0 83.63636363636363 209.09090909090907 0.0 0.0 0.0
5.842105263157895 282.2964932297604 5.0 83.63636363636363 209.09090909090907 0.0 0.0 0.0
6.605263157894737 278.2519132808371 5.0 83.63636363636363 209.09090909090907 0.0 0.0 0.0
7.36842105263158 276.7054631044418 5.0 83.63636363636363 209.09090909090907 0.0 0.0 0.0
8.131578947368421 277.26807069996516 5.0 83.63636363636363 209.09090909090907 0.0 0.0 0.0
8.894736842105264 282.60652709414273 5.0 83.63636363636363 209.09090909090907 0.0 0.0 0.0
9.657894736842106 280.3967696954214 5.0 83.63636363636363 209.09090909090907 0.0 0.0 0.0
10.421052631578949 277.6309888433093 5.0 83.63636363636363 209.09090909090907 0.0 0.0 0.0
11.18421052631579 278.0785395279852 5.0 83.63636363636363 209.09090909090907 0.0 0.0 0.0
11.947368421052632 274.08634751612243 5.0 83.63636363636363 209.09090909090907 0.0 0.0 0.0
12.710526315789474 279.95330139043335 5.0 83.63636363636363 209.09090909090907 0.0 0.0 0.0
13.473684210526317 273.50843166479234 5.0 83.63636363636363 209.09090909090907 0.0 0.0 0.0
14.23684210526316 281.0432681853851 5.0 83.63636363636363 209.09090909090907 0.0 0.0 0.0
15.0 279.17374356535254 5.0 83.63636363636363 209.09090909090907 0.0 0.0 0.0
