0.5 291.6267943430698 5.0 86.54545454545455 216.36363636363637 0.0 0.0 0.0
1.263157894736842 284.2917899954933 5.0 86.54545454545455 216.36363636363637 0.0 0.0 0.0
2.026315789473684 286.4967442597827 5.0 86.54545454545455 216.36363636363637 0.0 0.0 0.0
2.7894736842105265 294.25368706704825 5.0 86.54545454545455 216.36363636363637 0.0 0.0 0.0
3.5526315789473686 291.86691276977575 5.0 86.54545454545455 216.36363636363637 0.0 0.0 0.0
4.315789473684211 288.77766046233484 5.0 86.54545454545455 216.36363636363637 0.0 0.0 0.0
5.078947368421053 285.66325783834486 5.0 86.54545454545455 216.36363636363637 0.0 0.0 0.0
5.842105263157895 286.89703156474883 5.0 86.54545454545455 216.36363636363637 0.0 0.0 0.0
6.605263157894737 288.7046744286056 5.0 86.54545454545455 216.36363636363637 0.0 0.0 0.0
7.36842105263158 288.5974181818673 5.0 86.54545454545455 216.36363636363637 0.0 0.0 0.0
8.131578947368421 288.2122356959706 5.0 86.54545454545455 216.36363636363637 0.0 0.0 0.0
8.894736842105264 288.39235094259595 5.0 86.54545454545455 216.36363636363637 0.0 0.0 0.0
9.657894736842106 287.8417231557332 5.0 86.54545454545455 216.36363636363637 0.0 0.0 0.0
10.421052631578949 284.15891227792844 5.0 86.54545454545455 216.36363636363637 0.0 0.0 0.0
11.18421052631579 286.935316258366 5.0 86.54545454545455 216.36363636363637 0.0 0.0 0.0
11.947368421052632 291.22872064680905 5.0 86.54545454545455 216.36363636363637 0.0 0.0 0.0
12.710526315789474 284.3798455921951 5.0 86.54545454545455 216.36363636363637 0.0 0.0 0.0
13.473684210526317 287.9161819502307 5.0 86.54545454545455 216.36363636363637 0.0 0.0 0.0
14.23684210526316 286.02558669853596 5.0 86.54545454545455 216.36363636363637 0.0 0.0 0.0
15.0 288.81889977304286 5.0 86.54545454545455 216.36363636363637 0.0 0.0 0.0
