0.5 289.7431913658904 5.0 87.27272727272727 218.18181818181816 0.0 0.0 0.0
1.263157894736842 295.3412719040149 5.0 87.27272727272727 218.18181818181816 0.0 0.0 0.0
2.026315789473684 292.42884037166164 5.0 87.27272727272727 218.18181818181816 0.0 0.0 0.0
2.7894736842105265 286.97368141175923 5.0 87.27272727272727 218.18181818181816 0.0 0.0 0.0
3.5526315789473686 292.922774943932 5.0 87.27272727272727 218.18181818181816 0.0 0.0 0.0
4.315789473684211 288.5851353403047 5.0 87.27272727272727 218.18181818181816 0.0 0.0 0.0
5.078947368421053 289.17810179495825 5.0 87.27272727272727 218.18181818181816 0.0 0.0 0.0
5.842105263157895 291.8505479694122 5.0 87.27272727272727 218.18181818181816 0.0 0.0 0.0
6.605263157894737 289.4338486499005 5.0 87.27272727272727 218.18181818181816 0.0 0.0 0.0
7.36842105263158 293.58765835805974 5.0 87.27272727272727 218.18181818181816 0.0 0.0 0.0
8.131578947368421 288.5855607245507 5.0 87.27272727272727 218.18181818181816 0.0 0.0 0.0
8.894736842105264 289.05225125131676 5.0 87.27272727272727 218.18181818181816 0.0 0.0 0.0
9.657894736842106 288.93997822844653 5.0 87.27272727272727 218.18181818181816 0.0 0.0 0.0
10.421052631578949 289.2121746640258 5.0 87.27272727272727 218.18181818181816 0.0 0.0 0.0
11.18421052631579 294.2066655757343 5.0 87.27272727272727 218.18181818181816 0.0 0.0 0.0
11.947368421052632 292.7954797899218 5.0 87.27272727272727 218.18181818181816 0.0 0.0 0.0
12.710526315789474 296.0389227711271 5.0 87.27272727272727 218.18181818181816 0.0 0.0 0.0
13.473684210526317 297.71202352078865 5.0 87.27272727272727 218.18181818181816 0.0 0.0 0.0
14.23684210526316 287.81693981329386 5.0 87.27272727272727 218.18181818181816 0.0 0.0 0.0
15.0 291.12034829107273 5.0 87.27272727272727 218.18181818181816 0.0 0.0 0.0
