0.5 311.3276599454686 5.0 94.54545454545453 236.36363636363635 0.0 0.0 0.0
1.263157894736842 315.4359957307063 5.0 94.54545454545453 236.36363636363635 0.0 0.0 0.0
2.026315789473684 311.4677684994396 5.0 94.54545454545453 236.36363636363635 0.0 0.0 0.0
2.7894736842105265 308.61041652530054 5.0 94.54545454545453 236.36363636363635 0.0 0.0 0.0
3.5526315789473686 314.0124857389706 5.0 94.54545454545453 236.36363636363635 0.0 0.0 0.0
4.315789473684211 309.74294656226147 5.0 94.54545454545453 236.36363636363635 0.0 0.0 0.0
5.078947368421053 312.89503254731255 5.0 94.54545454545453 236.36363636363635 0.0 0.0 0.0
5.842105263157895 312.42420648570504 5.0 94.54545454545453 236.36363636363635 0.0 0.0 0.0
6.605263157894737 312.5378669354377 5.0 94.54545454545453 236.36363636363635 0.0 0.0 0.0
7.36842105263158 321.1544044562856 5.0 94.54545454545453 236.36363636363635 0.0 0.0 0.0
8.131578947368421 315.3207498530238 5.0 94.54545454545453 236.36363636363635 0.0 0.0 0.0
8.894736842105264 315.88762817850113 5.0 94.54545454545453 236.36363636363635 0.0 0.0 0.0
9.657894736842106 309.82232026248823 5.0 94.54545454545453 236.36363636363635 0.0 0.0 0.0
10.421052631578949 313.18962575060436 5.0 94.54545454545453 236.36363636363635 0.0 0.0 0.0
11.18421052631579 315.79742304133964 5.0 94.54545454545453 236.36363636363635 0.0 0.0 0.0
11.947368421052632 312.0779284127761 5.0 94.54545454545453 236.36363636363635 0.0 0.0 0.0
12.710526315789474 317.87570368206906 5.0 94.54545454545453 236.36363636363635 0.0 0.0 0.0
13.473684210526317 311.543425393812 5.0 94.54545454545453 236.36363636363635 0.0 0.0 0.0
14.23684210526316 314.2924167439196 5.0 94.54545454545453 236.36363636363635 0.0 0.0 0.0
15.0 313.3933602315885 5.0 94.54545454545453 236.36363636363635 0.0 0.0 0.0
