0.5 298.0626993347773 5.0 89.45454545454545 223.63636363636363 0.0 0.0 0.0
1.263157894736842 299.5091819967273 5.0 89.45454545454545 223.63636363636363 0.0 0.0 0.0
2.026315789473684 297.2685378932482 5.0 89.45454545454545 223.63636363636363 0.0 0.0 0.0
2.7894736842105265 296.95287139671416 5.0 89.45454545454545 223.63636363636363 0.0 0.0 0.0
3.5526315789473686 298.4588802965816 5.0 89.45454545454545 223.63636363636363 0.0 0.0 0.0
4.315789473684211 292.41907040413264 5.0 89.45454545454545 223.63636363636363 0.0 0.0 0.0
5.078947368421053 299.6129235634976 5.0 89.45454545454545 223.63636363636363 0.0 0.0 0.0
5.842105263157895 298.1801288904493 5.0 89.45454545454545 223.63636363636363 0.0 0.0 0.0
6.605263157894737 298.3008987616109 5.0 89.45454545454545 223.63636363636363 0.0 0.0 0.0
7.36842105263158 301.0640211046016 5.0 89.45454545454545 223.63636363636363 0.0 0.0 0.0
8.131578947368421 292.32337159167344 5.0 89.45454545454545 223.63636363636363 0.0 0.0 0.0
8.894736842105264 292.2603165722413 5.0 89.45454545454545 223.63636363636363 0.0 0.0 0.0
9.657894736842106 299.00322971778877 5.0 89.45454545454545 223.63636363636363 0.0 0.0 0.0
10.421052631578949 298.16046761643264 5.0 89.45454545454545 223.63636363636363 0.0 0.0 0.0
11.18421052631579 298.69234901139396 5.0 89.45454545454545 223.63636363636363 0.0 0.0 0.0
11.947368421052632 296.7954369563009 5.0 89.45454545454545 223.63636363636363 0.0 0.0 0.0
12.710526315789474 300.174879204538 5.0 89.45454545454545 223.63636363636363 0.0 0.0 0.0
13.473684210526317 300.97973471079155 5.0 89.45454545454545 223.63636363636363 0.0 0.0 0.0
14.23684210526316 299.63376506367274 5.0 89.45454545454545 223.63636363636363 0.0 0.0 0.0
15.0 297.39933280660443 5.0 89.45454545454545 223.63636363636363 0.0 0.0 0.0
