0.5 318.06871955390335 5.0 95.27272727272728 238.18181818181822 0.0 0.0 0.0
1.263157894736842 315.65428736019135 5.0 95.27272727272728 238.18181818181822 0.0 0.0 0.0
2.026315789473684 316.7630766945448 5.0 95.27272727272728 238.18181818181822 0.0 0.0 0.0
2.7894736842105265 316.86736730042367 5.0 95.27272727272728 238.18181818181822 0.0 0.0 0.0
3.5526315789473686 315.3725943035837 5.0 95.27272727272728 238.18181818181822 0.0 0.0 0.0
4.315789473684211 319.03103918124896 5.0 95.27272727272728 238.18181818181822 0.0 0.0 0.0
5.078947368421053 318.2909227002699 5.0 95.27272727272728 238.18181818181822 0.0 0.0 0.0
5.842105263157895 317.30991573999813 5.0 95.27272727272728 238.18181818181822 0.0 0.0 0.0
6.605263157894737 316.28438257537175 5.0 95.27272727272728 238.18181818181822 0.0 0.0 0.0
7.36842105263158 319.9653896673176 5.0 95.27272727272728 238.18181818181822 0.0 0.0 0.0
8.131578947368421 316.86825484431506 5.0 95.27272727272728 238.18181818181822 0.0 0.0 0.0
8.894736842105264 316.6556657122798 5.0 95.27272727272728 238.18181818181822 0.0 0.0 0.0
9.657894736842106 317.889827665422 5.0 95.27272727272728 238.18181818181822 0.0 0.0 0.0
10.421052631578949 322.6655176246702 5.0 95.27272727272728 238.18181818181822 0.0 0.0 0.0
11.18421052631579 313.554688951694 5.0 95.27272727272728 238.18181818181822 0.0 0.0 0.0
11.947368421052632 319.8853282549237 5.0 95.27272727272728 238.18181818181822 0.0 0.0 0.0
12.710526315789474 311.89624409204333 5.0 95.27272727272728 238.18181818181822 0.0 0.0 0.0
13.473684210526317 318.2275770504435 5.0 95.27272727272728 238.18181818181822 0.0 0.0 0.0
14.23684210526316 322.3010060585838 5.0 95.27272727272728 238.18181818181822 0.0 0.0 0.0
15.0 319.0417631491595 5.0 95.27272727272728 238.18181818181822 0.0 0.0 0.0
