0.5 310.05335189345647 5.0 92.36363636363636 230.9090909090909 0.0 0.0 0.0
1.263157894736842 312.14510692855856 5.0 92.36363636363636 230.9090909090909 0.0 0.0 0.0
2.026315789473684 306.5083579365719 5.0 92.36363636363636 230.9090909090909 0.0 0.0 0.0
2.7894736842105265 308.183130170738 5.0 92.36363636363636 230.9090909090909 0.0 0.0 0.0
3.5526315789473686 301.8551087263739 5.0 92.36363636363636 230.9090909090909 0.0 0.0 0.0
4.315789473684211 308.6789963827178 5.0 92.36363636363636 230.9090909090909 0.0 0.0 0.0
5.078947368421053 304.6881086904837 5.0 92.36363636363636 230.9090909090909 0.0 0.0 0.0
5.842105263157895 308.4776929325224 5.0 92.36363636363636 230.9090909090909 0.0 0.0 0.0
6.605263157894737 303.19517911222124 5.0 92.36363636363636 230.9090909090909 0.0 0.0 0.0
7.36842105263158 309.5073625522207 5.0 92.36363636363636 230.9090909090909 0.0 0.0 0.0
8.131578947368421 310.95232590506794 5.0 92.36363636363636 230.9090909090909 0.0 0.0 0.0
8.894736842105264 305.52924829364235 5.0 92.36363636363636 230.9090909090909 0.0 0.0 0.0
9.657894736842106 304.4680201345566 5.0 92.36363636363636 230.9090909090909 0.0 0.0 0.0
10.421052631578949 301.41071875113795 5.0 92.36363636363636 230.9090909090909 0.0 0.0 0.0
11.18421052631579 307.0795472765623 5.0 92.36363636363636 230.9090909090909 0.0 0.0 0.0
11.947368421052632 306.13400607594303 5.0 92.36363636363636 230.9090909090909 0.0 0.0 0.0
12.710526315789474 303.2257296417437 5.0 92.36363636363636 230.9090909090909 0.0 0.0 0.0
13.473684210526317 309.2378441477244 5.0 92.36363636363636 230.9090909090909 0.0 0.0 0.0
14.23684210526316 306.52887673319395 5.0 92.36363636363636 230.9090909090909 0.0 0.0 0.0
15.0 304.6515800028522 5.0 92.36363636363636 230.9090909090909 0.0 0.0 0.0
