0.5 294.28299244321744 5.0 90.18181818181819 225.45454545454547 0.0 0.0 0.0
1.263157894736842 302.913769230172 5.0 90.18181818181819 225.45454545454547 0.0 0.0 0.0
2.026315789473684 304.2712466047134 5.0 90.18181818181819 225.45454545454547 0.0 0.0 0.0
2.7894736842105265 302.5397358420126 5.0 90.18181818181819 225.45454545454547 0.0 0.0 0.0
3.5526315789473686 297.9671333239581 5.0 90.18181818181819 225.45454545454547 0.0 0.0 0.0
4.315789473684211 302.6274437870639 5.0 90.18181818181819 225.45454545454547 0.0 0.0 0.0
5.078947368421053 303.18764972994495 5.0 90.18181818181819 225.45454545454547 0.0 0.0 0.0
5.842105263157895 305.2825093494579 5.0 90.18181818181819 225.45454545454547 0.0 0.0 0.0
6.605263157894737 297.97773083337677 5.0 90.18181818181819 225.45454545454547 0.0 0.0 0.0
7.36842105263158 299.9266968524282 5.0 90.18181818181819 225.45454545454547 0.0 0.0 0.0
8.131578947368421 302.847876759491 5.0 90.18181818181819 225.45454545454547 0.0 0.0 0.0
8.894736842105264 300.7782908203751 5.0 90.18181818181819 225.45454545454547 0.0 0.0 0.0
9.657894736842106 297.2540777999068 5.0 90.18181818181819 225.45454545454547 0.0 0.0 0.0
10.421052631578949 301.8499094611407 5.0 90.18181818181819 225.45454545454547 0.0 0.0 0.0
11.18421052631579 302.3420455075061 5.0 90.18181818181819 225.45454545454547 0.0 0.0 0.0
11.947368421052632 300.86994929505363 5.0 90.18181818181819 225.45454545454547 0.0 0.0 0.0
12.710526315789474 301.26481538760044 5.0 90.18181818181819 225.45454545454547 0.0 0.0 0.0
13.473684210526317 299.82994290100345 5.0 90.18181818181819 225.45454545454547 0.0 0.0 0.0
14.23684210526316 305.0408974132088 5.0 90.18181818181819 225.45454545454547 0.0 0.0 0.0
15.0 297.9039840549226 5.0 90.18181818181819 225.45454545454547 0.0 0.0 0.0
