0.5 308.639313086109 5.0 93.0909090909091 232.72727272727275 0.0 0.0 0.0
1.263157894736842 313.51694391981914 5.0 93.0909090909091 232.72727272727275 0.0 0.0 0.0
2.026315789473684 312.11184113429596 5.0 93.0909090909091 232.72727272727275 0.0 0.0 0.0
2.7894736842105265 309.91295211853486 5.0 93.0909090909091 232.72727272727275 0.0 0.0 0.0
3.5526315789473686 312.1603453584249 5.0 93.0909090909091 232.72727272727275 0.0 0.0 0.0
4.315789473684211 306.8202944338701 5.0 93.0909090909091 232.72727272727275 0.0 0.0 0.0
5.078947368421053 310.4001406052114 5.0 93.0909090909091 232.72727272727275 0.0 0.0 0.0
5.842105263157895 310.74499729448974 5.0 93.0909090909091 232.72727272727275 0.0 0.0 0.0
6.605263157894737 308.89352077753415 5.0 93.0909090909091 232.72727272727275 0.0 0.0 0.0
7.36842105263158 311.60940531090256 5.0 93.0909090909091 232.72727272727275 0.0 0.0 0.0
8.131578947368421 307.961729939097 5.0 93.0909090909091 232.72727272727275 0.0 0.0 0.0
8.894736842105264 311.83249242635867 5.0 93.0909090909091 232.72727272727275 0.0 0.0 0.0
9.657894736842106 311.9586066176242 5.0 93.0909090909091 232.72727272727275 0.0 0.0 0.0
10.421052631578949 301.55155066093914 5.0 93.0909090909091 232.72727272727275 0.0 0.0 0.0
11.18421052631579 313.87394741356064 5.0 93.0909090909091 232.72727272727275 0.0 0.0 0.0
11.947368421052632 301.16013260697207 5.0 93.0909090909091 232.72727272727275 0.0 0.0 0.0
12.710526315789474 308.4548832263619 5.0 93.0909090909091 232.72727272727275 0.0 0.0 0.0
13.473684210526317 313.3790744058036 5.0 93.0909090909091 232.72727272727275 0.0 0.0 0.0
14.23684210526316 309.351170127273 5.0 93.0909090909091 232.72727272727275 0.0 0.0 0.0
15.0 305.9044723556217 5.0 93.0909090909091 232.72727272727275 0.0 0.0 0.0
