0.5 301.2683407420117 5.0 90.90909090909089 227.27272727272725 0.0 0.0 0.0
1.263157894736842 303.0632595708856 5.0 90.90909090909089 227.27272727272725 0.0 0.0 0.0
2.026315789473684 305.6671651134057 5.0 90.90909090909089 227.27272727272725 0.0 0.0 0.0
2.7894736842105265 298.5381835200194 5.0 90.90909090909089 227.27272727272725 0.0 0.0 0.0
3.5526315789473686 299.09941278100666 5.0 90.90909090909089 227.27272727272725 0.0 0.0 0.0
4.315789473684211 296.91711750709885 5.0 90.90909090909089 227.27272727272725 0.0 0.0 0.0
5.078947368421053 303.1283887060628 5.0 90.90909090909089 227.27272727272725 0.0 0.0 0.0
5.842105263157895 299.67538557868335 5.0 90.90909090909089 227.27272727272725 0.0 0.0 0.0
6.605263157894737 301.8766527002493 5.0 90.90909090909089 227.27272727272725 0.0 0.0 0.0
7.36842105263158 305.0144375999781 5.0 90.90909090909089 227.27272727272725 0.0 0.0 0.0
8.131578947368421 301.10567486795446 5.0 90.90909090909089 227.27272727272725 0.0 0.0 0.0
8.894736842105264 303.7241490985331 5.0 90.90909090909089 227.27272727272725 0.0 0.0 0.0
9.657894736842106 302.1322893070478 5.0 90.90909090909089 227.27272727272725 0.0 0.0 0.0
10.421052631578949 305.0466459755923 5.0 90.90909090909089 227.27272727272725 0.0 0.0 0.0
11.18421052631579 304.45568723234703 5.0 90.90909090909089 227.27272727272725 0.0 0.0 0.0
11.947368421052632 300.9545019417792 5.0 90.90909090909089 227.27272727272725 0.0 0.0 0.0
12.710526315789474 302.52434777010166 5.0 90.90909090909089 227.27272727272725 0.0 0.0 0.0
13.473684210526317 306.16153322346446 5.0 90.90909090909089 227.27272727272725 0.0 0.0 0.0
14.23684210526316 304.2104336410653 5.0 90.90909090909089 227.27272727272725 0.0 0.0 0.0
15.0 298.8394168570496 5.0 90.90909090909089 227.27272727272725 0.0 0.0 0.0
