0.5 309.4460615421227 5.0 93.81818181818183 234.54545454545456 0.0 0.0 0.0
1.263157894736842 315.80798996623463 5.0 93.81818181818183 234.54545454545456 0.0 0.0 0.0
2.026315789473684 306.9627591356268 5.0 93.81818181818183 234.54545454545456 0.0 0.0 0.0
2.7894736842105265 316.1142460301588 5.0 93.81818181818183 234.54545454545456 0.0 0.0 0.0
3.5526315789473686 312.5619664301459 5.0 93.81818181818183 234.54545454545456 0.0 0.0 0.0
4.315789473684211 309.1500867359454 5.0 93.81818181818183 234.54545454545456 0.0 0.0 0.0
5.078947368421053 310.9779275103647 5.0 93.81818181818183 234.54545454545456 0.0 0.0 0.0
5.842105263157895 309.6755997039678 5.0 93.81818181818183 234.54545454545456 0.0 0.0 0.0
6.605263157894737 315.32594832984836 5.0 93.81818181818183 234.54545454545456 0.0 0.0 0.0
7.36842105263158 314.92455615656127 5.0 93.81818181818183 234.54545454545456 0.0 0.0 0.0
8.131578947368421 307.5697893256446 5.0 93.81818181818183 234.54545454545456 0.0 0.0 0.0
8.894736842105264 311.51649637171477 5.0 93.81818181818183 234.54545454545456 0.0 0.0 0.0
9.657894736842106 310.1377157402399 5.0 93.81818181818183 234.54545454545456 0.0 0.0 0.0
10.421052631578949 316.6078026326509 5.0 93.81818181818183 234.54545454545456 0.0 0.0 0.0
11.18421052631579 308.6769753728935 5.0 93.81818181818183 234.54545454545456 0.0 0.0 0.0
11.947368421052632 317.5399600413278 5.0 93.81818181818183 234.54545454545456 0.0 0.0 0.0
12.710526315789474 312.62738850872194 5.0 93.81818181818183 234.54545454545456 0.0 0.0 0.0
13.473684210526317 309.24146950813247 5.0 93.81818181818183 234.54545454545456 0.0 0.0 0.0
14.23684210526316 310.6954501752449 5.0 93.81818181818183 234.54545454545456 0.0 0.0 0.0
15.0 310.3224162049674 5.0 93.81818181818183 234.54545454545456 0.0 0.0 0.0
