0.5 24.465034924449647 5.0 0.5 1.5 0.0 0.0 0.0
1.263157894736842 24.404419431430473 5.0 0.5 1.5 0.0 0.0 0.0
2.026315789473684 19.78221849404396 5.0 0.5 1.5 0.0 0.0 0.0
2.7894736842105265 23.718587394742446 5.0 0.5 1.5 0.0 0.0 0.0
3.5526315789473686 26.31046491932466 5.0 0.5 1.5 0.0 0.0 0.0
4.315789473684211 25.574462120215937 5.0 0.5 1.5 0.0 0.0 0.0
5.078947368421053 22.95738588220144 5.0 0.5 1.5 0.0 0.0 0.0
5.842105263157895 21.839314303270363 5.0 0.5 1.5 0.0 0.0 0.0
6.605263157894737 21.35520979023973 5.0 0.5 1.5 0.0 0.0 0.0
7.36842105263158 24.646702591972215 5.0 0.5 1.5 0.0 0.0 0.0
8.131578947368421 23.828555162671908 5.0 0.5 1.5 0.0 0.0 0.0
8.894736842105264 25.131455261549842 5.0 0.5 1.5 0.0 0.0 0.0
9.657894736842106 23.638864682606698 5.0 0.5 1.5 0.0 0.0 0.0
10.421052631578949 25.69953509428557 5.0 0.5 1.5 0.0 0.0 0.0
11.18421052631579 23.527020842116343 5.0 0.5 1.5 0.0 0.0 0.0
11.947368421052632 25.5973093916383 5.0 0.5 1.5 0.0 0.0 0.0
12.710526315789474 25.85571155434316 5.0 0.5 1.5 0.0 0.0 0.0
13.473684210526317 20.8296633525688 5.0 0.5 1.5 0.0 0.0 0.0
14.23684210526316 17.818811102631003 5.0 0.5 1.5 0.0 0.0 0.0
15.0 27.873721811286902 5.0 0.5 1.5 0.0 0.0 0.0
