0.5 18.644147060439476 5.0 0.5 1.5 0.0 0.0 0.0
1.263157894736842 18.002366866638692 5.0 0.5 1.5 0.0 0.0 0.0
2.026315789473684 21.30202947035032 5.0 0.5 1.5 0.0 0.0 0.0
2.7894736842105265 20.755563245885014 5.0 0.5 1.5 0.0 0.0 0.0
3.5526315789473686 15.785625357169017 5.0 0.5 1.5 0.0 0.0 0.0
4.315789473684211 23.368034763691217 5.0 0.5 1.5 0.0 0.0 0.0
5.078947368421053 19.7174162739475 5.0 0.5 1.5 0.0 0.0 0.0
5.842105263157895 16.667206714352837 5.0 0.5 1.5 0.0 0.0 0.0
6.605263157894737 23.566352343061624 5.0 0.5 1.5 0.0 0.0 0.0
7.36842105263158 21.87702671478846 5.0 0.5 1.5 0.0 0.0 0.0
8.131578947368421 16.206374024156258 5.0 0.5 1.5 0.0 0.0 0.0
8.894736842105264 25.331548520773172 5.0 0.5 1.5 0.0 0.0 0.0
9.657894736842106 21.97639210509858 5.0 0.5 1.5 0.0 0.0 0.0
10.421052631578949 19.96941165312486 5.0 0.5 1.5 0.0 0.0 0.0
11.18421052631579 24.77065641686534 5.0 0.5 1.5 0.0 0.0 0.0
11.947368421052632 20.477893351488923 5.0 0.5 1.5 0.0 0.0 0.0
12.710526315789474 19.915750774687904 5.0 0.5 1.5 0.0 0.0 0.0
13.473684210526317 18.019099651934035 5.0 0.5 1.5 0.0 0.0 0.0
14.23684210526316 21.745551317921237 5.0 0.5 1.5 0.0 0.0 0.0
15.0 21.42980890197194 5.0 0.5 1.5 0.0 0.0 0.0
