0.5 20.854851230479944 5.0 0.5 1.5 0.0 0.0 0.0
1.263157894736842 18.440851749208 5.0 0.5 1.5 0.0 0.0 0.0
2.026315789473684 21.200600373309033 5.0 0.5 1.5 0.0 0.0 0.0
2.7894736842105265 20.6014144535244 5.0 0.5 1.5 0.0 0.0 0.0
3.5526315789473686 16.81038785460821 5.0 0.5 1.5 0.0 0.0 0.0
4.315789473684211 16.395373756838254 5.0 0.5 1.5 0.0 0.0 0.0
5.078947368421053 22.506270947240118 5.0 0.5 1.5 0.0 0.0 0.0
5.842105263157895 13.005145865655743 5.0 0.5 1.5 0.0 0.0 0.0
6.605263157894737 21.42704239169459 5.0 0.5 1.5 0.0 0.0 0.0
7.36842105263158 19.376561637549337 5.0 0.5 1.5 0.0 0.0 0.0
8.131578947368421 24.73555063145054 5.0 0.5 1.5 0.0 0.0 0.0
8.894736842105264 19.330406183349183 5.0 0.5 1.5 0.0 0.0 0.0
9.657894736842106 22.789263453566498 5.0 0.5 1.5 0.0 0.0 0.0
10.421052631578949 19.620069287097436 5.0 0.5 1.5 0.0 0.0 0.0
11.18421052631579 21.15205527126924 5.0 0.5 1.5 0.0 0.0 0.0
11.947368421052632 23.021320403570964 5.0 0.5 1.5 0.0 0.0 0.0
12.710526315789474 19.42314366183707 5.0 0.5 1.5 0.0 0.0 0.0
13.473684210526317 23.80047546430602 5.0 0.5 1.5 0.0 0.0 0.0
14.23684210526316 17.82971717949136 5.0 0.5 1.5 0.0 0.0 0.0
15.0 21.694589338485947 5.0 0.5 1.5 0.0 0.0 0.0
