0.5 25.390779743897664 5.0 0.5 1.5 0.0 0.0 0.0
1.263157894736842 24.67917008615866 5.0 0.5 1.5 0.0 0.0 0.0
2.026315789473684 33.78763099751384 5.0 0.5 1.5 0.0 0.0 0.0
2.7894736842105265 26.85838862400177 5.0 0.5 1.5 0.0 0.0 0.0
3.5526315789473686 23.517231037740036 5.0 0.5 1.5 0.0 0.0 0.0
4.315789473684211 23.59288438893147 5.0 0.5 1.5 0.0 0.0 0.0
5.078947368421053 22.847635932081655 5.0 0.5 1.5 0.0 0.0 0.0
5.842105263157895 28.48538374324604 5.0 0.5 1.5 0.0 0.0 0.0
6.605263157894737 24.582543796995953 5.0 0.5 1.5 0.0 0.0 0.0
7.36842105263158 26.057763102645133 5.0 0.5 1.5 0.0 0.0 0.0
8.131578947368421 25.48514965236087 5.0 0.5 1.5 0.0 0.0 0.0
8.894736842105264 27.870152899498482 5.0 0.5 1.5 0.0 0.0 0.0
9.657894736842106 23.135443397023618 5.0 0.5 1.5 0.0 0.0 0.0
10.421052631578949 22.44895881724663 5.0 0.5 1.5 0.0 0.0 0.0
11.18421052631579 26.34856759722046 5.0 0.5 1.5 0.0 0.0 0.0
11.947368421052632 27.47855352977537 5.0 0.5 1.5 0.0 0.0 0.0
12.710526315789474 26.6732726149686 5.0 0.5 1.5 0.0 0.0 0.0
13.473684210526317 23.247314488383694 5.0 0.5 1.5 0.0 0.0 0.0
14.23684210526316 27.70813020194986 5.0 0.5 1.5 0.0 0.0 0.0
15.0 23.444092894388774 5.0 0.5 1.5 0.0 0.0 0.0
