0.5 33.6607275051983 5.0 0.5 1.5 0.0 0.0 0.0
1.263157894736842 28.000590646743593 5.0 0.5 1.5 0.0 0.0 0.0
2.026315789473684 21.709843039422914 5.0 0.5 1.5 0.0 0.0 0.0
2.7894736842105265 24.290170059998644 5.0 0.5 1.5 0.0 0.0 0.0
3.5526315789473686 22.07578833021385 5.0 0.5 1.5 0.0 0.0 0.0
4.315789473684211 27.34930118475122 5.0 0.5 1.5 0.0 0.0 0.0
5.078947368421053 26.931881625137297 5.0 0.5 1.5 0.0 0.0 0.0
5.842105263157895 25.892020203598925 5.0 0.5 1.5 0.0 0.0 0.0
6.605263157894737 33.33007563449884 5.0 0.5 1.5 0.0 0.0 0.0
7.36842105263158 28.94424591952803 5.0 0.5 1.5 0.0 0.0 0.0
8.131578947368421 29.4755923816363 5.0 0.5 1.5 0.0 0.0 0.0
8.894736842105264 24.50407683347099 5.0 0.5 1.5 0.0 0.0 0.0
9.657894736842106 24.29986262330426 5.0 0.5 1.5 0.0 0.0 0.0
10.421052631578949 27.40771379458816 5.0 0.5 1.5 0.0 0.0 0.0
11.18421052631579 27.816318716253974 5.0 0.5 1.5 0.0 0.0 0.0
11.947368421052632 21.728362595953925 5.0 0.5 1.5 0.0 0.0 0.0
12.710526315789474 26.756376228748696 5.0 0.5 1.5 0.0 0.0 0.0
13.473684210526317 27.339513545917814 5.0 0.5 1.5 0.0 0.0 0.0
14.23684210526316 26.65184979998391 5.0 0.5 1.5 0.0 0.0 0.0
15.0 24.85712606025727 5.0 0.5 1.5 0.0 0.0 0.0
