0.5 24.921870552127338 5.0 0.5 1.5 0.0 0.0 0.0
1.263157894736842 23.65462591232048 5.0 0.5 1.5 0.0 0.0 0.0
2.026315789473684 30.38996153244258 5.0 0.5 1.5 0.0 0.0 0.0
2.7894736842105265 28.386751109568536 5.0 0.5 1.5 0.0 0.0 0.0
3.5526315789473686 28.301466613523107 5.0 0.5 1.5 0.0 0.0 0.0
4.315789473684211 30.22812074991384 5.0 0.5 1.5 0.0 0.0 0.0
5.078947368421053 34.92443423120265 5.0 0.5 1.5 0.0 0.0 0.0
5.842105263157895 21.35880817475602 5.0 0.5 1.5 0.0 0.0 0.0
6.605263157894737 24.271356743855165 5.0 0.5 1.5 0.0 0.0 0.0
7.36842105263158 24.637961233962915 5.0 0.5 1.5 0.0 0.0 0.0
8.131578947368421 23.93402761933841 5.0 0.5 1.5 0.0 0.0 0.0
8.894736842105264 23.25373674367535 5.0 0.5 1.5 0.0 0.0 0.0
9.657894736842106 25.58752729432039 5.0 0.5 1.5 0.0 0.0 0.0
10.421052631578949 22.83667534061827 5.0 0.5 1.5 0.0 0.0 0.0
11.18421052631579 27.491613589098726 5.0 0.5 1.5 0.0 0.0 0.0
11.947368421052632 26.641581450772332 5.0 0.5 1.5 0.0 0.0 0.0
12.710526315789474 27.929572480777452 5.0 0.5 1.5 0.0 0.0 0.0
13.473684210526317 28.009671841401246 5.0 0.5 1.5 0.0 0.0 0.0
14.23684210526316 28.295507046766517 5.0 0.5 1.5 0.0 0.0 0.0
15.0 25.36625967601484 5.0 0.5 1.5 0.0 0.0 0.0
