0.5 26.530301910699357 5.0 0.5 1.5 0.0 0.0 0.0
1.263157894736842 24.997515873565412 5.0 0.5 1.5 0.0 0.0 0.0
2.026315789473684 22.437486910041745 5.0 0.5 1.5 0.0 0.0 0.0
2.7894736842105265 25.067878639052992 5.0 0.5 1.5 0.0 0.0 0.0
3.5526315789473686 24.78081151017763 5.0 0.5 1.5 0.0 0.0 0.0
4.315789473684211 25.444409604304457 5.0 0.5 1.5 0.0 0.0 0.0
5.078947368421053 31.48444078628607 5.0 0.5 1.5 0.0 0.0 0.0
5.842105263157895 23.29354652924116 5.0 0.5 1.5 0.0 0.0 0.0
6.605263157894737 26.13173192224094 5.0 0.5 1.5 0.0 0.0 0.0
7.36842105263158 28.070251066597756 5.0 0.5 1.5 0.0 0.0 0.0
8.131578947368421 25.158870607163013 5.0 0.5 1.5 0.0 0.0 0.0
8.894736842105264 31.87840022238136 5.0 0.5 1.5 0.0 0.0 0.0
9.657894736842106 23.730746989670433 5.0 0.5 1.5 0.0 0.0 0.0
10.421052631578949 25.837132531825006 5.0 0.5 1.5 0.0 0.0 0.0
11.18421052631579 22.468447630185917 5.0 0.5 1.5 0.0 0.0 0.0
11.947368421052632 23.810290659434983 5.0 0.5 1.5 0.0 0.0 0.0
12.710526315789474 25.611666596054835 5.0 0.5 1.5 0.0 0.0 0.0
13.473684210526317 27.40377705178805 5.0 0.5 1.5 0.0 0.0 0.0
14.23684210526316 25.822149366935587 5.0 0.5 1.5 0.0 0.0 0.0
15.0 28.64220941286907 5.0 0.5 1.5 0.0 0.0 0.0
