0.5 24.38954078998518 5.0 0.5 1.5 0.0 0.0 0.0
1.263157894736842 23.601734096992626 5.0 0.5 1.5 0.0 0.0 0.0
2.026315789473684 27.370956251827852 5.0 0.5 1.5 0.0 0.0 0.0
2.7894736842105265 19.33130366968964 5.0 0.5 1.5 0.0 0.0 0.0
3.5526315789473686 17.48417386757586 5.0 0.5 1.5 0.0 0.0 0.0
4.315789473684211 18.638616296136263 5.0 0.5 1.5 0.0 0.0 0.0
5.078947368421053 23.602949321266934 5.0 0.5 1.5 0.0 0.0 0.0
5.842105263157895 23.115390424429755 5.0 0.5 1.5 0.0 0.0 0.0
6.605263157894737 21.92839160056387 5.0 0.5 1.5 0.0 0.0 0.0
7.36842105263158 18.252750474300232 5.0 0.5 1.5 0.0 0.0 0.0
8.131578947368421 23.922223501608805 5.0 0.5 1.5 0.0 0.0 0.0
8.894736842105264 17.94750728867 5.0 0.5 1.5 0.0 0.0 0.0
9.657894736842106 25.09847036875232 5.0 0.5 1.5 0.0 0.0 0.0
10.421052631578949 30.19393689104122 5.0 0.5 1.5 0.0 0.0 0.0
11.18421052631579 22.720975061336272 5.0 0.5 1.5 0.0 0.0 0.0
11.947368421052632 23.37094602859485 5.0 0.5 1.5 0.0 0.0 0.0
12.710526315789474 20.14304231493494 5.0 0.5 1.5 0.0 0.0 0.0
13.473684210526317 16.190981658361174 5.0 0.5 1.5 0.0 0.0 0.0
14.23684210526316 19.813463532530953 5.0 0.5 1.5 0.0 0.0 0.0
15.0 18.342935898325372 5.0 0.5 1.5 0.0 0.0 0.0
