0.5 24.82403024619084 5.0 0.5 1.5 0.0 0.0 0.0
1.263157894736842 18.91059636756569 5.0 0.5 1.5 0.0 0.0 0.0
2.026315789473684 21.91259556239792 5.0 0.5 1.5 0.0 0.0 0.0
2.7894736842105265 26.369676931163543 5.0 0.5 1.5 0.0 0.0 0.0
3.5526315789473686 23.21502356065538 5.0 0.5 1.5 0.0 0.0 0.0
4.315789473684211 22.517869796096676 5.0 0.5 1.5 0.0 0.0 0.0
5.078947368421053 28.256699634992955 5.0 0.5 1.5 0.0 0.0 0.0
5.842105263157895 20.912192614902626 5.0 0.5 1.5 0.0 0.0 0.0
6.605263157894737 21.659593980789555 5.0 0.5 1.5 0.0 0.0 0.0
7.36842105263158 24.688213479198858 5.0 0.5 1.5 0.0 0.0 0.0
8.131578947368421 25.225418850215704 5.0 0.5 1.5 0.0 0.0 0.0
8.894736842105264 25.54308315707625 5.0 0.5 1.5 0.0 0.0 0.0
9.657894736842106 26.787768187760896 5.0 0.5 1.5 0.0 0.0 0.0
10.421052631578949 24.649789916098605 5.0 0.5 1.5 0.0 0.0 0.0
11.18421052631579 25.522205870869282 5.0 0.5 1.5 0.0 0.0 0.0
11.947368421052632 23.276426276108808 5.0 0.5 1.5 0.0 0.0 0.0
12.710526315789474 24.242148963764198 5.0 0.5 1.5 0.0 0.0 0.0
13.473684210526317 24.37665659421496 5.0 0.5 1.5 0.0 0.0 0.0
14.23684210526316 24.699348461511164 5.0 0.5 1.5 0.0 0.0 0.0
15.0 26.37167347680234 5.0 0.5 1.5 0.0 0.0 0.0
