0.5 23.408669065350598 5.0 0.5 1.5 0.0 0.0 0.0
1.263157894736842 28.186202799072568 5.0 0.5 1.5 0.0 0.0 0.0
2.026315789473684 30.95515592860038 5.0 0.5 1.5 0.0 0.0 0.0
2.7894736842105265 29.95560088218118 5.0 0.5 1.5 0.0 0.0 0.0
3.5526315789473686 31.97337272981085 5.0 0.5 1.5 0.0 0.0 0.0
4.315789473684211 32.90864020754966 5.0 0.5 1.5 0.0 0.0 0.0
5.078947368421053 32.365895749829576 5.0 0.5 1.5 0.0 0.0 0.0
5.842105263157895 29.897715712877144 5.0 0.5 1.5 0.0 0.0 0.0
6.605263157894737 25.0015295071791 5.0 0.5 1.5 0.0 0.0 0.0
7.36842105263158 29.174096793976087 5.0 0.5 1.5 0.0 0.0 0.0
8.131578947368421 31.789644984957405 5.0 0.5 1.5 0.0 0.0 0.0
8.894736842105264 27.269198782889106 5.0 0.5 1.5 0.0 0.0 0.0
9.657894736842106 32.43436473090527 5.0 0.5 1.5 0.0 0.0 0.0
10.421052631578949 33.265720432342455 5.0 0.5 1.5 0.0 0.0 0.0
11.18421052631579 30.92114146942807 5.0 0.5 1.5 0.0 0.0 0.0
11.947368421052632 21.349200941603353 5.0 0.5 1.5 0.0 0.0 0.0
12.710526315789474 26.70627545240513 5.0 0.5 1.5 0.0 0.0 0.0
13.473684210526317 36.19910801620878 5.0 0.5 1.5 0.0 0.0 0.0
14.23684210526316 28.900927161455407 5.0 0.5 1.5 0.0 0.0 0.0
15.0 24.588110871153553 5.0 0.5 1.5 0.0 0.0 0.0
