0.5 39.30459004959144 5.0 0.5 1.5 0.0 0.0 0.0
1.263157894736842 31.600523814712965 5.0 0.5 1.5 0.0 0.0 0.0
2.026315789473684 33.53779948974529 5.0 0.5 1.5 0.0 0.0 0.0
2.7894736842105265 36.035597482238735 5.0 0.5 1.5 0.0 0.0 0.0
3.5526315789473686 42.190308627821125 5.0 0.5 1.5 0.0 0.0 0.0
4.315789473684211 39.03489220573634 5.0 0.5 1.5 0.0 0.0 0.0
5.078947368421053 37.95278608058974 5.0 0.5 1.5 0.0 0.0 0.0
5.842105263157895 33.431230727946726 5.0 0.5 1.5 0.0 0.0 0.0
6.605263157894737 31.944995701129223 5.0 0.5 1.5 0.0 0.0 0.0
7.36842105263158 36.96131824474431 5.0 0.5 1.5 0.0 0.0 0.0
8.131578947368421 31.292610801891517 5.0 0.5 1.5 0.0 0.0 0.0
8.894736842105264 33.87928554165369 5.0 0.5 1.5 0.0 0.0 0.0
9.657894736842106 34.250260747588825 5.0 0.5 1.5 0.0 0.0 0.0
10.421052631578949 39.37333086196302 5.0 0.5 1.5 0.0 0.0 0.0
11.18421052631579 33.53050268571556 5.0 0.5 1.5 0.0 0.0 0.0
11.947368421052632 27.27684567887675 5.0 0.5 1.5 0.0 0.0 0.0
12.710526315789474 36.107928537582 5.0 0.5 1.5 0.0 0.0 0.0
13.473684210526317 32.49752903528282 5.0 0.5 1.5 0.0 0.0 0.0
14.23684210526316 34.722487667907835 5.0 0.5 1.5 0.0 0.0 0.0
15.0 34.334480492068224 5.0 0.5 1.5 0.0 0.0 0.0
