0.5 26.48950256234469 5.0 0.5 1.5 0.0 0.0 0.0
1.263157894736842 27.57753052738972 5.0 0.5 1.5 0.0 0.0 0.0
2.026315789473684 28.380508178938253 5.0 0.5 1.5 0.0 0.0 0.0
2.7894736842105265 29.922482855759814 5.0 0.5 1.5 0.0 0.0 0.0
3.5526315789473686 31.35067672296072 5.0 0.5 1.5 0.0 0.0 0.0
4.315789473684211 27.22506493752636 5.0 0.5 1.5 0.0 0.0 0.0
5.078947368421053 26.739639519762036 5.0 0.5 1.5 0.0 0.0 0.0
5.842105263157895 29.421075128711028 5.0 0.5 1.5 0.0 0.0 0.0
6.605263157894737 29.94064285734067 5.0 0.5 1.5 0.0 0.0 0.0
7.36842105263158 26.80550680833145 5.0 0.5 1.5 0.0 0.0 0.0
8.131578947368421 30.479288539006625 5.0 0.5 1.5 0.0 0.0 0.0
8.894736842105264 31.04686413157603 5.0 0.5 1.5 0.0 0.0 0.0
9.657894736842106 31.98316750508413 5.0 0.5 1.5 0.0 0.0 0.0
10.421052631578949 33.44307082826758 5.0 0.5 1.5 0.0 0.0 0.0
11.18421052631579 25.508859692129793 5.0 0.5 1.5 0.0 0.0 0.0
11.947368421052632 28.14980273610564 5.0 0.5 1.5 0.0 0.0 0.0
12.710526315789474 28.14194119796409 5.0 0.5 1.5 0.0 0.0 0.0
13.473684210526317 27.813887402510588 5.0 0.5 1.5 0.0 0.0 0.0
14.23684210526316 26.1603193492777 5.0 0.5 1.5 0.0 0.0 0.0
15.0 23.651422098414894 5.0 0.5 1.5 0.0 0.0 0.0
