0.5 29.19695725700593 5.0 0.5 1.5 0.0 0.0 0.0
1.263157894736842 26.613851940275183 5.0 0.5 1.5 0.0 0.0 0.0
2.026315789473684 29.176899361161794 5.0 0.5 1.5 0.0 0.0 0.0
2.7894736842105265 26.536788293822358 5.0 0.5 1.5 0.0 0.0 0.0
3.5526315789473686 25.619943881385893 5.0 0.5 1.5 0.0 0.0 0.0
4.315789473684211 29.62181400004961 5.0 0.5 1.5 0.0 0.0 0.0
5.078947368421053 29.371683499338406 5.0 0.5 1.5 0.0 0.0 0.0
5.842105263157895 30.65676483288172 5.0 0.5 1.5 0.0 0.0 0.0
6.605263157894737 35.476510218171796 5.0 0.5 1.5 0.0 0.0 0.0
7.36842105263158 29.75078751255146 5.0 0.5 1.5 0.0 0.0 0.0
8.131578947368421 30.374164220111307 5.0 0.5 1.5 0.0 0.0 0.0
8.894736842105264 25.686234932316943 5.0 0.5 1.5 0.0 0.0 0.0
9.657894736842106 25.058196597309795 5.0 0.5 1.5 0.0 0.0 0.0
10.421052631578949 33.66740725923892 5.0 0.5 1.5 0.0 0.0 0.0
11.18421052631579 26.14847957911901 5.0 0.5 1.5 0.0 0.0 0.0
11.947368421052632 25.787086704512994 5.0 0.5 1.5 0.0 0.0 0.0
12.710526315789474 28.80162215526926 5.0 0.5 1.5 0.0 0.0 0.0
13.473684210526317 28.648341678786753 5.0 0.5 1.5 0.0 0.0 0.0
14.23684210526316 26.211399399589045 5.0 0.5 1.5 0.0 0.0 0.0
15.0 28.00399926277962 5.0 0.5 1.5 0.0 0.0 0.0
