0.5 30.691495712045835 5.0 0.5 1.5 0.0 0.0 0.0
1.263157894736842 29.492099912871353 5.0 0.5 1.5 0.0 0.0 0.0
2.026315789473684 23.87413564514093 5.0 0.5 1.5 0.0 0.0 0.0
2.7894736842105265 30.85806374099276 5.0 0.5 1.5 0.0 0.0 0.0
3.5526315789473686 33.27023634126188 5.0 0.5 1.5 0.0 0.0 0.0
4.315789473684211 30.68249662564443 5.0 0.5 1.5 0.0 0.0 0.0
5.078947368421053 37.96830571274949 5.0 0.5 1.5 0.0 0.0 0.0
5.842105263157895 32.20228960030975 5.0 0.5 1.5 0.0 0.0 0.0
6.605263157894737 36.03524932771457 5.0 0.5 1.5 0.0 0.0 0.0
7.36842105263158 32.94642340035207 5.0 0.5 1.5 0.0 0.0 0.0
8.131578947368421 34.641384091841935 5.0 0.5 1.5 0.0 0.0 0.0
8.894736842105264 32.99988682396285 5.0 0.5 1.5 0.0 0.0 0.0
9.657894736842106 36.26851605787285 5.0 0.5 1.5 0.0 0.0 0.0
10.421052631578949 32.32998021255936 5.0 0.5 1.5 0.0 0.0 0.0
11.18421052631579 33.65052428642852 5.0 0.5 1.5 0.0 0.0 0.0
11.947368421052632 33.26116096311229 5.0 0.5 1.5 0.0 0.0 0.0
12.710526315789474 31.297305787780203 5.0 0.5 1.5 0.0 0.0 0.0
13.473684210526317 33.37710911893619 5.0 0.5 1.5 0.0 0.0 0.0
14.23684210526316 38.86532090075521 5.0 0.5 1.5 0.0 0.0 0.0
15.0 31.350971335875837 5.0 0.5 1.5 0.0 0.0 0.0
