0.5 34.5842934179521 5.0 0.5 1.5 0.0 0.0 0.0
1.263157894736842 37.77642715075952 5.0 0.5 1.5 0.0 0.0 0.0
2.026315789473684 30.806810770347283 5.0 0.5 1.5 0.0 0.0 0.0
2.7894736842105265 33.85436273054232 5.0 0.5 1.5 0.0 0.0 0.0
3.5526315789473686 37.45751914475755 5.0 0.5 1.5 0.0 0.0 0.0
4.315789473684211 33.5631510793723 5.0 0.5 1.5 0.0 0.0 0.0
5.078947368421053 30.57898527759549 5.0 0.5 1.5 0.0 0.0 0.0
5.842105263157895 37.411071435175614 5.0 0.5 1.5 0.0 0.0 0.0
6.605263157894737 38.77468929673002 5.0 0.5 1.5 0.0 0.0 0.0
7.36842105263158 35.27041978247638 5.0 0.5 1.5 0.0 0.0 0.0
8.131578947368421 29.522868609996806 5.0 0.5 1.5 0.0 0.0 0.0
8.894736842105264 37.523314645501856 5.0 0.5 1.5 0.0 0.0 0.0
9.657894736842106 30.42574176114634 5.0 0.5 1.5 0.0 0.0 0.0
10.421052631578949 36.3318032359499 5.0 0.5 1.5 0.0 0.0 0.0
11.18421052631579 32.74301393117892 5.0 0.5 1.5 0.0 0.0 0.0
11.947368421052632 31.92588754810451 5.0 0.5 1.5 0.0 0.0 0.0
12.710526315789474 34.07967535416633 5.0 0.5 1.5 0.0 0.0 0.0
13.473684210526317 34.85551273612362 5.0 0.5 1.5 0.0 0.0 0.0
14.23684210526316 33.47278065424606 5.0 0.5 1.5 0.0 0.0 0.0
15.0 37.17151524005086 5.0 0.5 1.5 0.0 0.0 0.0
