0.5 34.23136765153272 5.0 0.5 1.5 0.0 0.0 0.0
1.263157894736842 36.74630982558131 5.0 0.5 1.5 0.0 0.0 0.0
2.026315789473684 36.39373281580582 5.0 0.5 1.5 0.0 0.0 0.0
2.7894736842105265 33.00812222613107 5.0 0.5 1.5 0.0 0.0 0.0
3.5526315789473686 25.82280686410089 5.0 0.5 1.5 0.0 0.0 0.0
4.315789473684211 34.523081428918374 5.0 0.5 1.5 0.0 0.0 0.0
5.078947368421053 26.314550197103816 5.0 0.5 1.5 0.0 0.0 0.0
5.842105263157895 37.38278466579667 5.0 0.5 1.5 0.0 0.0 0.0
6.605263157894737 33.48139458655276 5.0 0.5 1.5 0.0 0.0 0.0
7.36842105263158 35.97199503258894 5.0 0.5 1.5 0.0 0.0 0.0
8.131578947368421 30.266639558429823 5.0 0.5 1.5 0.0 0.0 0.0
8.894736842105264 28.315450553072814 5.0 0.5 1.5 0.0 0.0 0.0
9.657894736842106 33.75523612539648 5.0 0.5 1.5 0.0 0.0 0.0
10.421052631578949 32.87216265310455 5.0 0.5 1.5 0.0 0.0 0.0
11.18421052631579 31.49835049450148 5.0 0.5 1.5 0.0 0.0 0.0
11.947368421052632 33.22695681517126 5.0 0.5 1.5 0.0 0.0 0.0
12.710526315789474 41.27528064906976 5.0 0.5 1.5 0.0 0.0 0.0
13.473684210526317 35.476549615080145 5.0 0.5 1.5 0.0 0.0 0.0
14.23684210526316 36.12146879056293 5.0 0.5 1.5 0.0 0.0 0.0
15.0 35.50478364763304 5.0 0.5 1.5 0.0 0.0 0.0
