0.5 38.22217021534036 5.0 0.5 1.5 0.0 0.0 0.0
1.263157894736842 33.21356876508155 5.0 0.5 1.5 0.0 0.0 0.0
2.026315789473684 27.6194998607579 5.0 0.5 1.5 0.0 0.0 0.0
2.7894736842105265 33.21802538476575 5.0 0.5 1.5 0.0 0.0 0.0
3.5526315789473686 36.21899091377329 5.0 0.5 1.5 0.0 0.0 0.0
4.315789473684211 30.87438259843856 5.0 0.5 1.5 0.0 0.0 0.0
5.078947368421053 33.254685932315795 5.0 0.5 1.5 0.0 0.0 0.0
5.842105263157895 31.708474554776842 5.0 0.5 1.5 0.0 0.0 0.0
6.605263157894737 38.289871539313175 5.0 0.5 1.5 0.0 0.0 0.0
7.36842105263158 36.03215483000347 5.0 0.5 1.5 0.0 0.0 0.0
8.131578947368421 35.73840564571566 5.0 0.5 1.5 0.0 0.0 0.0
8.894736842105264 35.6485877231467 5.0 0.5 1.5 0.0 0.0 0.0
9.657894736842106 33.6720360261274 5.0 0.5 1.5 0.0 0.0 0.0
10.421052631578949 34.37645263136629 5.0 0.5 1.5 0.0 0.0 0.0
11.18421052631579 30.22823004218683 5.0 0.5 1.5 0.0 0.0 0.0
11.947368421052632 27.22445784753208 5.0 0.5 1.5 0.0 0.0 0.0
12.710526315789474 34.234027174818856 5.0 0.5 1.5 0.0 0.0 0.0
13.473684210526317 34.755754552600216 5.0 0.5 1.5 0.0 0.0 0.0
14.23684210526316 37.411577489059916 5.0 0.5 1.5 0.0 0.0 0.0
15.0 38.497791232030885 5.0 0.5 1.5 0.0 0.0 0.0
