0.5 35.05709351628217 5.0 0.5 1.5 0.0 0.0 0.0
1.263157894736842 31.391418125982373 5.0 0.5 1.5 0.0 0.0 0.0
2.026315789473684 34.66617281822453 5.0 0.5 1.5 0.0 0.0 0.0
2.7894736842105265 32.18222737700945 5.0 0.5 1.5 0.0 0.0 0.0
3.5526315789473686 32.72702875998786 5.0 0.5 1.5 0.0 0.0 0.0
4.315789473684211 32.4403790944949 5.0 0.5 1.5 0.0 0.0 0.0
5.078947368421053 33.44381628711435 5.0 0.5 1.5 0.0 0.0 0.0
5.842105263157895 38.18364269701965 5.0 0.5 1.5 0.0 0.0 0.0
6.605263157894737 34.26437035922892 5.0 0.5 1.5 0.0 0.0 0.0
7.36842105263158 26.61033339781475 5.0 0.5 1.5 0.0 0.0 0.0
8.131578947368421 32.69133589718807 5.0 0.5 1.5 0.0 0.0 0.0
8.894736842105264 34.775793655661005 5.0 0.5 1.5 0.0 0.0 0.0
9.657894736842106 34.95945377095979 5.0 0.5 1.5 0.0 0.0 0.0
10.421052631578949 30.071536402174054 5.0 0.5 1.5 0.0 0.0 0.0
11.18421052631579 34.846184686915734 5.0 0.5 1.5 0.0 0.0 0.0
11.947368421052632 34.13457855000497 5.0 0.5 1.5 0.0 0.0 0.0
12.710526315789474 39.068903662260546 5.0 0.5 1.5 0.0 0.0 0.0
13.473684210526317 29.10134614260582 5.0 0.5 1.5 0.0 0.0 0.0
14.23684210526316 29.82914962215008 5.0 0.5 1.5 0.0 0.0 0.0
15.0 30.432994205971493 5.0 0.5 1.5 0.0 0.0 0.0
