0.5 33.41785688268004 5.0 0.5 1.5 0.0 0.0 0.0
1.263157894736842 27.31174890323434 5.0 0.5 1.5 0.0 0.0 0.0
2.026315789473684 25.548712276631214 5.0 0.5 1.5 0.0 0.0 0.0
2.7894736842105265 32.557510592429104 5.0 0.5 1.5 0.0 0.0 0.0
3.5526315789473686 31.20662046554384 5.0 0.5 1.5 0.0 0.0 0.0
4.315789473684211 27.868173867783746 5.0 0.5 1.5 0.0 0.0 0.0
5.078947368421053 24.983228681348976 5.0 0.5 1.5 0.0 0.0 0.0
5.842105263157895 27.49585966041404 5.0 0.5 1.5 0.0 0.0 0.0
6.605263157894737 29.565616419181914 5.0 0.5 1.5 0.0 0.0 0.0
7.36842105263158 33.22674599938119 5.0 0.5 1.5 0.0 0.0 0.0
8.131578947368421 26.61998380512076 5.0 0.5 1.5 0.0 0.0 0.0
8.894736842105264 29.47617008519531 5.0 0.5 1.5 0.0 0.0 0.0
9.657894736842106 31.755163709414425 5.0 0.5 1.5 0.0 0.0 0.0
10.421052631578949 22.58592770936397 5.0 0.5 1.5 0.0 0.0 0.0
11.18421052631579 32.83108823354643 5.0 0.5 1.5 0.0 0.0 0.0
11.947368421052632 26.182378013110416 5.0 0.5 1.5 0.0 0.0 0.0
12.710526315789474 30.725716210100533 5.0 0.5 1.5 0.0 0.0 0.0
13.473684210526317 30.46977917856196 5.0 0.5 1.5 0.0 0.0 0.0
14.23684210526316 32.983488904121266 5.0 0.5 1.5 0.0 0.0 0.0
15.0 31.38250287241035 5.0 0.5 1.5 0.0 0.0 0.0
