0.5 43.33261534942719 5.0 0.5 1.5 0.0 0.0 0.0
1.263157894736842 43.11507700074601 5.0 0.5 1.5 0.0 0.0 0.0
2.026315789473684 40.93027075687925 5.0 0.5 1.5 0.0 0.0 0.0
2.7894736842105265 44.25434000504847 5.0 0.5 1.5 0.0 0.0 0.0
3.5526315789473686 41.755217511628274 5.0 0.5 1.5 0.0 0.0 0.0
4.315789473684211 40.430551209446364 5.0 0.5 1.5 0.0 0.0 0.0
5.078947368421053 40.956217955125695 5.0 0.5 1.5 0.0 0.0 0.0
5.842105263157895 47.95381098821939 5.0 0.5 1.5 0.0 0.0 0.0
6.605263157894737 36.6869636457556 5.0 0.5 1.5 0.0 0.0 0.0
7.36842105263158 43.39125620477929 5.0 0.5 1.5 0.0 0.0 0.0
8.131578947368421 36.854560609020744 5.0 0.5 1.5 0.0 0.0 0.0
8.894736842105264 41.567191876922976 5.0 0.5 1.5 0.0 0.0 0.0
9.657894736842106 40.59100943642933 5.0 0.5 1.5 0.0 0.0 0.0
10.421052631578949 35.63680700185226 5.0 0.5 1.5 0.0 0.0 0.0
11.18421052631579 43.059004663193186 5.0 0.5 1.5 0.0 0.0 0.0
11.947368421052632 40.751777705315305 5.0 0.5 1.5 0.0 0.0 0.0
12.710526315789474 35.594272864208165 5.0 0.5 1.5 0.0 0.0 0.0
13.473684210526317 44.41059616421465 5.0 0.5 1.5 0.0 0.0 0.0
14.23684210526316 46.1969104258587 5.0 0.5 1.5 0.0 0.0 0.0
15.0 46.36226491878161 5.0 0.5 1.5 0.0 0.0 0.0
