0.5 38.04817731403749 5.0 0.5 1.5 0.0 0.0 0.0
1.263157894736842 39.55136003671098 5.0 0.5 1.5 0.0 0.0 0.0
2.026315789473684 34.922981518798956 5.0 0.5 1.5 0.0 0.0 0.0
2.7894736842105265 40.056915363076605 5.0 0.5 1.5 0.0 0.0 0.0
3.5526315789473686 40.29586712901708 5.0 0.5 1.5 0.0 0.0 0.0
4.315789473684211 45.64871673408907 5.0 0.5 1.5 0.0 0.0 0.0
5.078947368421053 36.70952526615909 5.0 0.5 1.5 0.0 0.0 0.0
5.842105263157895 36.46359243283346 5.0 0.5 1.5 0.0 0.0 0.0
6.605263157894737 40.144735452559075 5.0 0.5 1.5 0.0 0.0 0.0
7.36842105263158 40.29515034457425 5.0 0.5 1.5 0.0 0.0 0.0
8.131578947368421 36.2325763777077 5.0 0.5 1.5 0.0 0.0 0.0
8.894736842105264 36.62834980704769 5.0 0.5 1.5 0.0 0.0 0.0
9.657894736842106 39.46123035249196 5.0 0.5 1.5 0.0 0.0 0.0
10.421052631578949 35.355085115633855 5.0 0.5 1.5 0.0 0.0 0.0
11.18421052631579 36.60623587379279 5.0 0.5 1.5 0.0 0.0 0.0
11.947368421052632 38.10661613994314 5.0 0.5 1.5 0.0 0.0 0.0
12.710526315789474 40.825653892304615 5.0 0.5 1.5 0.0 0.0 0.0
13.473684210526317 36.024041989299214 5.0 0.5 1.5 0.0 0.0 0.0
14.23684210526316 32.31068445174582 5.0 0.5 1.5 0.0 0.0 0.0
15.0 32.088045435283206 5.0 0.5 1.5 0.0 0.0 0.0
