0.5 40.43534771135262 5.0 0.5 1.5 0.0 0.0 0.0
1.263157894736842 46.427962459195214 5.0 0.5 1.5 0.0 0.0 0.0
2.026315789473684 40.43969049553121 5.0 0.5 1.5 0.0 0.0 0.0
2.7894736842105265 35.67964500587854 5.0 0.5 1.5 0.0 0.0 0.0
3.5526315789473686 46.760227737348714 5.0 0.5 1.5 0.0 0.0 0.0
4.315789473684211 43.12825861051946 5.0 0.5 1.5 0.0 0.0 0.0
5.078947368421053 40.87104250464268 5.0 0.5 1.5 0.0 0.0 0.0
5.842105263157895 39.96682787283488 5.0 0.5 1.5 0.0 0.0 0.0
6.605263157894737 44.32813687045629 5.0 0.5 1.5 0.0 0.0 0.0
7.36842105263158 39.4551308804025 5.0 0.5 1.5 0.0 0.0 0.0
8.131578947368421 44.52585035462904 5.0 0.5 1.5 0.0 0.0 0.0
8.894736842105264 42.70766693825385 5.0 0.5 1.5 0.0 0.0 0.0
9.657894736842106 41.81512685754313 5.0 0.5 1.5 0.0 0.0 0.0
10.421052631578949 41.51762549708787 5.0 0.5 1.5 0.0 0.0 0.0
11.18421052631579 40.556176970938544 5.0 0.5 1.5 0.0 0.0 0.0
11.947368421052632 44.21800144170888 5.0 0.5 1.5 0.0 0.0 0.0
12.710526315789474 38.48505258477558 5.0 0.5 1.5 0.0 0.0 0.0
13.473684210526317 36.215305700590456 5.0 0.5 1.5 0.0 0.0 0.0
14.23684210526316 42.924401449758506 5.0 0.5 1.5 0.0 0.0 0.0
15.0 42.974796065282526 5.0 0.5 1.5 0.0 0.0 0.0
