0.5 43.77957202465712 5.0 0.5 1.5 0.0 0.0 0.0
1.263157894736842 42.84087711843406 5.0 0.5 1.5 0.0 0.0 0.0
2.026315789473684 46.6871725653901 5.0 0.5 1.5 0.0 0.0 0.0
2.7894736842105265 47.749853458723 5.0 0.5 1.5 0.0 0.0 0.0
3.5526315789473686 46.10340881132959 5.0 0.5 1.5 0.0 0.0 0.0
4.315789473684211 39.87808989601331 5.0 0.5 1.5 0.0 0.0 0.0
5.078947368421053 43.306737262347475 5.0 0.5 1.5 0.0 0.0 0.0
5.842105263157895 44.021251135576996 5.0 0.5 1.5 0.0 0.0 0.0
6.605263157894737 37.27385179595102 5.0 0.5 1.5 0.0 0.0 0.0
7.36842105263158 44.11078468156503 5.0 0.5 1.5 0.0 0.0 0.0
8.131578947368421 49.521678180640876 5.0 0.5 1.5 0.0 0.0 0.0
8.894736842105264 44.62251120010508 5.0 0.5 1.5 0.0 0.0 0.0
9.657894736842106 47.122941947027975 5.0 0.5 1.5 0.0 0.0 0.0
10.421052631578949 43.251446893088826 5.0 0.5 1.5 0.0 0.0 0.0
11.18421052631579 42.483047730751245 5.0 0.5 1.5 0.0 0.0 0.0
11.947368421052632 43.846516872945635 5.0 0.5 1.5 0.0 0.0 0.0
12.710526315789474 40.25522275874941 5.0 0.5 1.5 0.0 0.0 0.0
13.473684210526317 39.81137714099954 5.0 0.5 1.5 0.0 0.0 0.0
14.23684210526316 46.501616374210805 5.0 0.5 1.5 0.0 0.0 0.0
15.0 46.81972973130226 5.0 0.5 1.5 0.0 0.0 0.0
