0.5 44.909040447879775 5.0 0.5 1.5 0.0 0.0 0.0
1.263157894736842 36.81574411715131 5.0 0.5 1.5 0.0 0.0 0.0
2.026315789473684 40.11178070536924 5.0 0.5 1.5 0.0 0.0 0.0
2.7894736842105265 39.351985219461596 5.0 0.5 1.5 0.0 0.0 0.0
3.5526315789473686 39.15856645712923 5.0 0.5 1.5 0.0 0.0 0.0
4.315789473684211 39.11649295544522 5.0 0.5 1.5 0.0 0.0 0.0
5.078947368421053 39.78077454948787 5.0 0.5 1.5 0.0 0.0 0.0
5.842105263157895 42.00333568985056 5.0 0.5 1.5 0.0 0.0 0.0
6.605263157894737 43.592668168283694 5.0 0.5 1.5 0.0 0.0 0.0
7.36842105263158 39.45270872594699 5.0 0.5 1.5 0.0 0.0 0.0
8.131578947368421 41.90540767597436 5.0 0.5 1.5 0.0 0.0 0.0
8.894736842105264 37.35415862065911 5.0 0.5 1.5 0.0 0.0 0.0
9.657894736842106 41.75732581763816 5.0 0.5 1.5 0.0 0.0 0.0
10.421052631578949 37.17348488797849 5.0 0.5 1.5 0.0 0.0 0.0
11.18421052631579 42.73143926772386 5.0 0.5 1.5 0.0 0.0 0.0
11.947368421052632 46.091382091639176 5.0 0.5 1.5 0.0 0.0 0.0
12.710526315789474 39.09320779554528 5.0 0.5 1.5 0.0 0.0 0.0
13.473684210526317 32.88182898703723 5.0 0.5 1.5 0.0 0.0 0.0
14.23684210526316 37.81524065972499 5.0 0.5 1.5 0.0 0.0 0.0
15.0 43.15508486232737 5.0 0.5 1.5 0.0 0.0 0.0
