0.5 34.87800808083971 5.0 0.5 1.5 0.0 0.0 0.0
1.263157894736842 39.15678883123168 5.0 0.5 1.5 0.0 0.0 0.0
2.026315789473684 37.05973571314666 5.0 0.5 1.5 0.0 0.0 0.0
2.7894736842105265 34.123544596427294 5.0 0.5 1.5 0.0 0.0 0.0
3.5526315789473686 33.61839656471936 5.0 0.5 1.5 0.0 0.0 0.0
4.315789473684211 31.273727319073902 5.0 0.5 1.5 0.0 0.0 0.0
5.078947368421053 37.08841574981668 5.0 0.5 1.5 0.0 0.0 0.0
5.842105263157895 35.15245357446214 5.0 0.5 1.5 0.0 0.0 0.0
6.605263157894737 29.099629632025675 5.0 0.5 1.5 0.0 0.0 0.0
7.36842105263158 34.60907159790802 5.0 0.5 1.5 0.0 0.0 0.0
8.131578947368421 33.51311412845136 5.0 0.5 1.5 0.0 0.0 0.0
8.894736842105264 40.9432489927282 5.0 0.5 1.5 0.0 0.0 0.0
9.657894736842106 31.107880380536287 5.0 0.5 1.5 0.0 0.0 0.0
10.421052631578949 31.89216381701406 5.0 0.5 1.5 0.0 0.0 0.0
11.18421052631579 39.54612514553332 5.0 0.5 1.5 0.0 0.0 0.0
11.947368421052632 40.28650568860811 5.0 0.5 1.5 0.0 0.0 0.0
12.710526315789474 33.98126740003929 5.0 0.5 1.5 0.0 0.0 0.0
13.473684210526317 34.319958747789485 5.0 0.5 1.5 0.0 0.0 0.0
14.23684210526316 38.06492240587615 5.0 0.5 1.5 0.0 0.0 0.0
15.0 29.23491682538029 5.0 0.5 1.5 0.0 0.0 0.0
