0.5 41.92950063134601 5.0 0.5 1.5 0.0 0.0 0.0
1.263157894736842 41.01701106629536 5.0 0.5 1.5 0.0 0.0 0.0
2.026315789473684 43.29627533813479 5.0 0.5 1.5 0.0 0.0 0.0
2.7894736842105265 41.72363058801554 5.0 0.5 1.5 0.0 0.0 0.0
3.5526315789473686 43.923445832623685 5.0 0.5 1.5 0.0 0.0 0.0
4.315789473684211 43.02854130021123 5.0 0.5 1.5 0.0 0.0 0.0
5.078947368421053 44.83537162848115 5.0 0.5 1.5 0.0 0.0 0.0
5.842105263157895 41.346658521989035 5.0 0.5 1.5 0.0 0.0 0.0
6.605263157894737 42.98604847475214 5.0 0.5 1.5 0.0 0.0 0.0
7.36842105263158 39.34888905101292 5.0 0.5 1.5 0.0 0.0 0.0
8.131578947368421 38.46588783559326 5.0 0.5 1.5 0.0 0.0 0.0
8.894736842105264 45.390573191527196 5.0 0.5 1.5 0.0 0.0 0.0
9.657894736842106 40.918884299238336 5.0 0.5 1.5 0.0 0.0 0.0
10.421052631578949 42.68491196785741 5.0 0.5 1.5 0.0 0.0 0.0
11.18421052631579 40.64149031350444 5.0 0.5 1.5 0.0 0.0 0.0
11.947368421052632 38.51072331751038 5.0 0.5 1.5 0.0 0.0 0.0
12.710526315789474 40.30321894801748 5.0 0.5 1.5 0.0 0.0 0.0
13.473684210526317 44.578252323573416 5.0 0.5 1.5 0.0 0.0 0.0
14.23684210526316 41.93599049310855 5.0 0.5 1.5 0.0 0.0 0.0
15.0 35.135850791078894 5.0 0.5 1.5 0.0 0.0 0.0
