0.5 31.443445973510364 5.0 0.5 1.5 0.0 0.0 0.0
1.263157894736842 36.1848268244749 5.0 0.5 1.5 0.0 0.0 0.0
2.026315789473684 41.67669872541441 5.0 0.5 1.5 0.0 0.0 0.0
2.7894736842105265 35.71983676252681 5.0 0.5 1.5 0.0 0.0 0.0
3.5526315789473686 37.32983740223249 5.0 0.5 1.5 0.0 0.0 0.0
4.315789473684211 40.428394844719065 5.0 0.5 1.5 0.0 0.0 0.0
5.078947368421053 43.34768122686147 5.0 0.5 1.5 0.0 0.0 0.0
5.842105263157895 35.296481607582095 5.0 0.5 1.5 0.0 0.0 0.0
6.605263157894737 36.97651685582675 5.0 0.5 1.5 0.0 0.0 0.0
7.36842105263158 42.49319269105556 5.0 0.5 1.5 0.0 0.0 0.0
8.131578947368421 32.46042920145275 5.0 0.5 1.5 0.0 0.0 0.0
8.894736842105264 40.1097702386885 5.0 0.5 1.5 0.0 0.0 0.0
9.657894736842106 33.972080429943254 5.0 0.5 1.5 0.0 0.0 0.0
10.421052631578949 37.3344441283365 5.0 0.5 1.5 0.0 0.0 0.0
11.18421052631579 36.299169884826206 5.0 0.5 1.5 0.0 0.0 0.0
11.947368421052632 34.152992224923345 5.0 0.5 1.5 0.0 0.0 0.0
12.710526315789474 34.077721244052206 5.0 0.5 1.5 0.0 0.0 0.0
13.473684210526317 37.85627011978829 5.0 0.5 1.5 0.0 0.0 0.0
14.23684210526316 40.01364501151508 5.0 0.5 1.5 0.0 0.0 0.0
15.0 36.637818417461524 5.0 0.5 1.5 0.0 0.0 0.0
