0.5 40.54019456675147 5.0 0.5 1.5 0.0 0.0 0.0
1.263157894736842 46.41750992717511 5.0 0.5 1.5 0.0 0.0 0.0
2.026315789473684 43.25263358669545 5.0 0.5 1.5 0.0 0.0 0.0
2.7894736842105265 44.53293923698481 5.0 0.5 1.5 0.0 0.0 0.0
3.5526315789473686 44.8941694318187 5.0 0.5 1.5 0.0 0.0 0.0
4.315789473684211 46.496564917886474 5.0 0.5 1.5 0.0 0.0 0.0
5.078947368421053 43.761668119103085 5.0 0.5 1.5 0.0 0.0 0.0
5.842105263157895 47.743999499419324 5.0 0.5 1.5 0.0 0.0 0.0
6.605263157894737 44.44175203279329 5.0 0.5 1.5 0.0 0.0 0.0
7.36842105263158 45.38606633092211 5.0 0.5 1.5 0.0 0.0 0.0
8.131578947368421 41.013725738901776 5.0 0.5 1.5 0.0 0.0 0.0
8.894736842105264 49.989490545628016 5.0 0.5 1.5 0.0 0.0 0.0
9.657894736842106 44.92298828312842 5.0 0.5 1.5 0.0 0.0 0.0
10.421052631578949 45.65250578954881 5.0 0.5 1.5 0.0 0.0 0.0
11.18421052631579 38.68895607987889 5.0 0.5 1.5 0.0 0.0 0.0
11.947368421052632 41.045407444276215 5.0 0.5 1.5 0.0 0.0 0.0
12.710526315789474 47.227164577269704 5.0 0.5 1.5 0.0 0.0 0.0
13.473684210526317 44.37418686839133 5.0 0.5 1.5 0.0 0.0 0.0
14.23684210526316 37.77217430902674 5.0 0.5 1.5 0.0 0.0 0.0
15.0 46.628383300464975 5.0 0.5 1.5 0.0 0.0 0.0
