0.5 42.69297591126615 5.0 0.5 1.5 0.0 0.0 0.0
1.263157894736842 48.55827528195446 5.0 0.5 1.5 0.0 0.0 0.0
2.026315789473684 44.06081728851322 5.0 0.5 1.5 0.0 0.0 0.0
2.7894736842105265 44.93844438238591 5.0 0.5 1.5 0.0 0.0 0.0
3.5526315789473686 47.861188060099266 5.0 0.5 1.5 0.0 0.0 0.0
4.315789473684211 41.63184541176034 5.0 0.5 1.5 0.0 0.0 0.0
5.078947368421053 41.345783900822504 5.0 0.5 1.5 0.0 0.0 0.0
5.842105263157895 43.73482906313 5.0 0.5 1.5 0.0 0.0 0.0
6.605263157894737 46.805842723187986 5.0 0.5 1.5 0.0 0.0 0.0
7.36842105263158 40.33169256648385 5.0 0.5 1.5 0.0 0.0 0.0
8.131578947368421 39.32022052465703 5.0 0.5 1.5 0.0 0.0 0.0
8.894736842105264 46.7954871054557 5.0 0.5 1.5 0.0 0.0 0.0
9.657894736842106 42.51538938662331 5.0 0.5 1.5 0.0 0.0 0.0
10.421052631578949 43.147646285563475 5.0 0.5 1.5 0.0 0.0 0.0
11.18421052631579 38.753893118503825 5.0 0.5 1.5 0.0 0.0 0.0
11.947368421052632 42.28738638126838 5.0 0.5 1.5 0.0 0.0 0.0
12.710526315789474 44.30162243443087 5.0 0.5 1.5 0.0 0.0 0.0
13.473684210526317 47.115457897193 5.0 0.5 1.5 0.0 0.0 0.0
14.23684210526316 42.0106338256204 5.0 0.5 1.5 0.0 0.0 0.0
15.0 49.29645268502181 5.0 0.5 1.5 0.0 0.0 0.0
