0.5 43.73183009793397 5.0 0.5 1.5 0.0 0.0 0.0
1.263157894736842 44.65650466781909 5.0 0.5 1.5 0.0 0.0 0.0
2.026315789473684 45.71460825596116 5.0 0.5 1.5 0.0 0.0 0.0
2.7894736842105265 42.470310454077925 5.0 0.5 1.5 0.0 0.0 0.0
3.5526315789473686 45.489073808360516 5.0 0.5 1.5 0.0 0.0 0.0
4.315789473684211 47.113146376465465 5.0 0.5 1.5 0.0 0.0 0.0
5.078947368421053 45.558109931991474 5.0 0.5 1.5 0.0 0.0 0.0
5.842105263157895 45.942627277961584 5.0 0.5 1.5 0.0 0.0 0.0
6.605263157894737 46.697051744037005 5.0 0.5 1.5 0.0 0.0 0.0
7.36842105263158 44.789526369459814 5.0 0.5 1.5 0.0 0.0 0.0
8.131578947368421 48.82994445435739 5.0 0.5 1.5 0.0 0.0 0.0
8.894736842105264 51.064691131162085 5.0 0.5 1.5 0.0 0.0 0.0
9.657894736842106 45.36361558017041 5.0 0.5 1.5 0.0 0.0 0.0
10.421052631578949 48.21235145118988 5.0 0.5 1.5 0.0 0.0 0.0
11.18421052631579 46.03790529045282 5.0 0.5 1.5 0.0 0.0 0.0
11.947368421052632 47.85321879187227 5.0 0.5 1.5 0.0 0.0 0.0
12.710526315789474 51.45409535036652 5.0 0.5 1.5 0.0 0.0 0.0
13.473684210526317 48.28273538581105 5.0 0.5 1.5 0.0 0.0 0.0
14.23684210526316 41.43651314032772 5.0 0.5 1.5 0.0 0.0 0.0
15.0 48.11874365109763 5.0 0.5 1.5 0.0 0.0 0.0
