0.5 47.71186640115816 5.0 0.5 1.5 0.0 0.0 0.0
1.263157894736842 45.682226483838306 5.0 0.5 1.5 0.0 0.0 0.0
2.026315789473684 43.03775021273009 5.0 0.5 1.5 0.0 0.0 0.0
2.7894736842105265 43.07543580730701 5.0 0.5 1.5 0.0 0.0 0.0
3.5526315789473686 50.28712203403926 5.0 0.5 1.5 0.0 0.0 0.0
4.315789473684211 45.47668150851605 5.0 0.5 1.5 0.0 0.0 0.0
5.078947368421053 50.86700822764088 5.0 0.5 1.5 0.0 0.0 0.0
5.842105263157895 44.40503716380122 5.0 0.5 1.5 0.0 0.0 0.0
6.605263157894737 46.819561549340435 5.0 0.5 1.5 0.0 0.0 0.0
7.36842105263158 53.12397611500067 5.0 0.5 1.5 0.0 0.0 0.0
8.131578947368421 42.773785711956116 5.0 0.5 1.5 0.0 0.0 0.0
8.894736842105264 40.25250244624662 5.0 0.5 1.5 0.0 0.0 0.0
9.657894736842106 49.80571633980765 5.0 0.5 1.5 0.0 0.0 0.0
10.421052631578949 43.46551862976673 5.0 0.5 1.5 0.0 0.0 0.0
11.18421052631579 45.88382685362725 5.0 0.5 1.5 0.0 0.0 0.0
11.947368421052632 44.188191314591194 5.0 0.5 1.5 0.0 0.0 0.0
12.710526315789474 46.7504342888119 5.0 0.5 1.5 0.0 0.0 0.0
13.473684210526317 43.094337324388725 5.0 0.5 1.5 0.0 0.0 0.0
14.23684210526316 45.406125682296036 5.0 0.5 1.5 0.0 0.0 0.0
15.0 47.295391925615554 5.0 0.5 1.5 0.0 0.0 0.0
