0.5 50.950009439048216 5.0 0.5 1.5 0.0 0.0 0.0
1.263157894736842 45.04224561530078 5.0 0.5 1.5 0.0 0.0 0.0
2.026315789473684 50.88450936008507 5.0 0.5 1.5 0.0 0.0 0.0
2.7894736842105265 51.93680588473487 5.0 0.5 1.5 0.0 0.0 0.0
3.5526315789473686 49.01097218464264 5.0 0.5 1.5 0.0 0.0 0.0
4.315789473684211 47.849739201492454 5.0 0.5 1.5 0.0 0.0 0.0
5.078947368421053 49.5793081033074 5.0 0.5 1.5 0.0 0.0 0.0
5.842105263157895 39.79382326807636 5.0 0.5 1.5 0.0 0.0 0.0
6.605263157894737 49.28515303383476 5.0 0.5 1.5 0.0 0.0 0.0
7.36842105263158 48.03831638485896 5.0 0.5 1.5 0.0 0.0 0.0
8.131578947368421 48.2264940392074 5.0 0.5 1.5 0.0 0.0 0.0
8.894736842105264 50.49797591707186 5.0 0.5 1.5 0.0 0.0 0.0
9.657894736842106 48.154071613684195 5.0 0.5 1.5 0.0 0.0 0.0
10.421052631578949 44.9577578084249 5.0 0.5 1.5 0.0 0.0 0.0
11.18421052631579 47.95417036590224 5.0 0.5 1.5 0.0 0.0 0.0
11.947368421052632 48.581044830620854 5.0 0.5 1.5 0.0 0.0 0.0
12.710526315789474 48.723180113121416 5.0 0.5 1.5 0.0 0.0 0.0
13.473684210526317 48.86413648023358 5.0 0.5 1.5 0.0 0.0 0.0
14.23684210526316 51.49648551313404 5.0 0.5 1.5 0.0 0.0 0.0
15.0 45.12027471927593 5.0 0.5 1.5 0.0 0.0 0.0
