0.5 56.13514177738931 5.0 0.5 1.5 0.0 0.0 0.0
1.263157894736842 49.638414334200206 5.0 0.5 1.5 0.0 0.0 0.0
2.026315789473684 53.12487791948902 5.0 0.5 1.5 0.0 0.0 0.0
2.7894736842105265 54.819554510851034 5.0 0.5 1.5 0.0 0.0 0.0
3.5526315789473686 52.775927254236606 5.0 0.5 1.5 0.0 0.0 0.0
4.315789473684211 51.905031597080544 5.0 0.5 1.5 0.0 0.0 0.0
5.078947368421053 51.65402787618967 5.0 0.5 1.5 0.0 0.0 0.0
5.842105263157895 51.4522983309603 5.0 0.5 1.5 0.0 0.0 0.0
6.605263157894737 49.89152615483912 5.0 0.5 1.5 0.0 0.0 0.0
7.36842105263158 50.273171332312515 5.0 0.5 1.5 0.0 0.0 0.0
8.131578947368421 56.060392742574436 5.0 0.5 1.5 0.0 0.0 0.0
8.894736842105264 51.29601172356616 5.0 0.5 1.5 0.0 0.0 0.0
9.657894736842106 49.264232813473306 5.0 0.5 1.5 0.0 0.0 0.0
10.421052631578949 50.072728831037104 5.0 0.5 1.5 0.0 0.0 0.0
11.18421052631579 54.922733663713295 5.0 0.5 1.5 0.0 0.0 0.0
11.947368421052632 53.64844152111506 5.0 0.5 1.5 0.0 0.0 0.0
12.710526315789474 53.3026091563184 5.0 0.5 1.5 0.0 0.0 0.0
13.473684210526317 50.84905802489225 5.0 0.5 1.5 0.0 0.0 0.0
14.23684210526316 53.341709032140464 5.0 0.5 1.5 0.0 0.0 0.0
15.0 49.69093824676968 5.0 0.5 1.5 0.0 0.0 0.0
