0.5 51.26615879749459 5.0 0.5 1.5 0.0 0.0 0.0
1.263157894736842 46.902779057573255 5.0 0.5 1.5 0.0 0.0 0.0
2.026315789473684 50.55447198592106 5.0 0.5 1.5 0.0 0.0 0.0
2.7894736842105265 45.497220944111724 5.0 0.5 1.5 0.0 0.0 0.0
3.5526315789473686 43.110950089000745 5.0 0.5 1.5 0.0 0.0 0.0
4.315789473684211 47.99107462406548 5.0 0.5 1.5 0.0 0.0 0.0
5.078947368421053 42.298137405328625 5.0 0.5 1.5 0.0 0.0 0.0
5.842105263157895 46.84825452888679 5.0 0.5 1.5 0.0 0.0 0.0
6.605263157894737 51.42809435550407 5.0 0.5 1.5 0.0 0.0 0.0
7.36842105263158 41.83827885032872 5.0 0.5 1.5 0.0 0.0 0.0
8.131578947368421 43.72907717982587 5.0 0.5 1.5 0.0 0.0 0.0
8.894736842105264 44.47147083208283 5.0 0.5 1.5 0.0 0.0 0.0
9.657894736842106 47.37760798843468 5.0 0.5 1.5 0.0 0.0 0.0
10.421052631578949 46.47041721062894 5.0 0.5 1.5 0.0 0.0 0.0
11.18421052631579 51.76497671265582 5.0 0.5 1.5 0.0 0.0 0.0
11.947368421052632 50.430612554842654 5.0 0.5 1.5 0.0 0.0 0.0
12.710526315789474 49.05338640577336 5.0 0.5 1.5 0.0 0.0 0.0
13.473684210526317 48.00445851059922 5.0 0.5 1.5 0.0 0.0 0.0
14.23684210526316 48.747256898522046 5.0 0.5 1.5 0.0 0.0 0.0
15.0 44.98162050162744 5.0 0.5 1.5 0.0 0.0 0.0
