0.5 59.46053741999488 5.0 0.5 1.5 0.0 0.0 0.0
1.263157894736842 64.36542618481941 5.0 0.5 1.5 0.0 0.0 0.0
2.026315789473684 59.14286273730667 5.0 0.5 1.5 0.0 0.0 0.0
2.7894736842105265 60.50759265433446 5.0 0.5 1.5 0.0 0.0 0.0
3.5526315789473686 55.76563751479392 5.0 0.5 1.5 0.0 0.0 0.0
4.315789473684211 58.38851195412614 5.0 0.5 1.5 0.0 0.0 0.0
5.078947368421053 60.36133374209747 5.0 0.5 1.5 0.0 0.0 0.0
5.842105263157895 64.48774122260933 5.0 0.5 1.5 0.0 0.0 0.0
6.605263157894737 60.39567806275855 5.0 0.5 1.5 0.0 0.0 0.0
7.36842105263158 63.88089081330873 5.0 0.5 1.5 0.0 0.0 0.0
8.131578947368421 61.65191706033849 5.0 0.5 1.5 0.0 0.0 0.0
8.894736842105264 64.61193374812379 5.0 0.5 1.5 0.0 0.0 0.0
9.657894736842106 59.55260307781457 5.0 0.5 1.5 0.0 0.0 0.0
10.421052631578949 66.90039786168515 5.0 0.5 1.5 0.0 0.0 0.0
11.18421052631579 58.27354112098737 5.0 0.5 1.5 0.0 0.0 0.0
11.947368421052632 57.43034422713673 5.0 0.5 1.5 0.0 0.0 0.0
12.710526315789474 56.09957118066263 5.0 0.5 1.5 0.0 0.0 0.0
13.473684210526317 66.72280374440395 5.0 0.5 1.5 0.0 0.0 0.0
14.23684210526316 62.18807244758342 5.0 0.5 1.5 0.0 0.0 0.0
15.0 58.72736752958881 5.0 0.5 1.5 0.0 0.0 0.0
