0.5 56.59241625138312 5.0 0.5 1.5 0.0 0.0 0.0
1.263157894736842 58.357071913482045 5.0 0.5 1.5 0.0 0.0 0.0
2.026315789473684 57.93282687381371 5.0 0.5 1.5 0.0 0.0 0.0
2.7894736842105265 59.09811404375982 5.0 0.5 1.5 0.0 0.0 0.0
3.5526315789473686 55.66992047564852 5.0 0.5 1.5 0.0 0.0 0.0
4.315789473684211 56.58607637812569 5.0 0.5 1.5 0.0 0.0 0.0
5.078947368421053 57.21021678143325 5.0 0.5 1.5 0.0 0.0 0.0
5.842105263157895 56.100645767848754 5.0 0.5 1.5 0.0 0.0 0.0
6.605263157894737 54.48409274592446 5.0 0.5 1.5 0.0 0.0 0.0
7.36842105263158 54.67834807265637 5.0 0.5 1.5 0.0 0.0 0.0
8.131578947368421 53.22300048068578 5.0 0.5 1.5 0.0 0.0 0.0
8.894736842105264 56.94052616540517 5.0 0.5 1.5 0.0 0.0 0.0
9.657894736842106 55.39363015342021 5.0 0.5 1.5 0.0 0.0 0.0
10.421052631578949 53.68615442376538 5.0 0.5 1.5 0.0 0.0 0.0
11.18421052631579 53.6889412177019 5.0 0.5 1.5 0.0 0.0 0.0
11.947368421052632 52.04447949232731 5.0 0.5 1.5 0.0 0.0 0.0
12.710526315789474 58.612199699387276 5.0 0.5 1.5 0.0 0.0 0.0
13.473684210526317 55.91152868427104 5.0 0.5 1.5 0.0 0.0 0.0
14.23684210526316 53.087275616955864 5.0 0.5 1.5 0.0 0.0 0.0
15.0 58.10131892448173 5.0 0.5 1.5 0.0 0.0 0.0
