0.5 54.80514005710337 5.0 0.5 1.5 0.0 0.0 0.0
1.263157894736842 52.26698460544979 5.0 0.5 1.5 0.0 0.0 0.0
2.026315789473684 59.55015335414389 5.0 0.5 1.5 0.0 0.0 0.0
2.7894736842105265 54.87519551778815 5.0 0.5 1.5 0.0 0.0 0.0
3.5526315789473686 55.259789215860124 5.0 0.5 1.5 0.0 0.0 0.0
4.315789473684211 56.61002654753403 5.0 0.5 1.5 0.0 0.0 0.0
5.078947368421053 59.914254154856835 5.0 0.5 1.5 0.0 0.0 0.0
5.842105263157895 56.54659835908543 5.0 0.5 1.5 0.0 0.0 0.0
6.605263157894737 52.8891351080508 5.0 0.5 1.5 0.0 0.0 0.0
7.36842105263158 58.11811749882303 5.0 0.5 1.5 0.0 0.0 0.0
8.131578947368421 55.03151731370132 5.0 0.5 1.5 0.0 0.0 0.0
8.894736842105264 62.15025840107489 5.0 0.5 1.5 0.0 0.0 0.0
9.657894736842106 56.48312732049282 5.0 0.5 1.5 0.0 0.0 0.0
10.421052631578949 49.78137999279049 5.0 0.5 1.5 0.0 0.0 0.0
11.18421052631579 57.558581402953514 5.0 0.5 1.5 0.0 0.0 0.0
11.947368421052632 62.320279863267174 5.0 0.5 1.5 0.0 0.0 0.0
12.710526315789474 61.21424735212266 5.0 0.5 1.5 0.0 0.0 0.0
13.473684210526317 61.97934935275619 5.0 0.5 1.5 0.0 0.0 0.0
14.23684210526316 53.4272059303421 5.0 0.5 1.5 0.0 0.0 0.0
15.0 59.222943674416825 5.0 0.5 1.5 0.0 0.0 0.0
