0.5 63.036088988416815 5.0 0.5 1.5 0.0 0.0 0.0
1.263157894736842 61.90358794457309 5.0 0.5 1.5 0.0 0.0 0.0
2.026315789473684 58.18145427386747 5.0 0.5 1.5 0.0 0.0 0.0
2.7894736842105265 57.22789883491619 5.0 0.5 1.5 0.0 0.0 0.0
3.5526315789473686 57.711804469668735 5.0 0.5 1.5 0.0 0.0 0.0
4.315789473684211 58.78959650327051 5.0 0.5 1.5 0.0 0.0 0.0
5.078947368421053 62.90824995206694 5.0 0.5 1.5 0.0 0.0 0.0
5.842105263157895 59.37551038081979 5.0 0.5 1.5 0.0 0.0 0.0
6.605263157894737 60.28619520722554 5.0 0.5 1.5 0.0 0.0 0.0
7.36842105263158 61.615918435318626 5.0 0.5 1.5 0.0 0.0 0.0
8.131578947368421 54.59908010503486 5.0 0.5 1.5 0.0 0.0 0.0
8.894736842105264 60.37269378553024 5.0 0.5 1.5 0.0 0.0 0.0
9.657894736842106 57.22440184412328 5.0 0.5 1.5 0.0 0.0 0.0
10.421052631578949 50.559822520789815 5.0 0.5 1.5 0.0 0.0 0.0
11.18421052631579 51.723599482150675 5.0 0.5 1.5 0.0 0.0 0.0
11.947368421052632 55.053755273552056 5.0 0.5 1.5 0.0 0.0 0.0
12.710526315789474 59.70177779388585 5.0 0.5 1.5 0.0 0.0 0.0
13.473684210526317 58.449506804129 5.0 0.5 1.5 0.0 0.0 0.0
14.23684210526316 58.66120822963511 5.0 0.5 1.5 0.0 0.0 0.0
15.0 63.96093855616819 5.0 0.5 1.5 0.0 0.0 0.0
