0.5 50.45894657391899 5.0 0.5 1.5 0.0 0.0 0.0
1.263157894736842 56.76346983553673 5.0 0.5 1.5 0.0 0.0 0.0
2.026315789473684 52.51466170317501 5.0 0.5 1.5 0.0 0.0 0.0
2.7894736842105265 64.04345855185534 5.0 0.5 1.5 0.0 0.0 0.0
3.5526315789473686 51.606644117027436 5.0 0.5 1.5 0.0 0.0 0.0
4.315789473684211 51.09271743992076 5.0 0.5 1.5 0.0 0.0 0.0
5.078947368421053 56.395281011705194 5.0 0.5 1.5 0.0 0.0 0.0
5.842105263157895 59.45280530176676 5.0 0.5 1.5 0.0 0.0 0.0
6.605263157894737 55.058633835694536 5.0 0.5 1.5 0.0 0.0 0.0
7.36842105263158 56.581592125426695 5.0 0.5 1.5 0.0 0.0 0.0
8.131578947368421 49.334222612488745 5.0 0.5 1.5 0.0 0.0 0.0
8.894736842105264 52.83233022778957 5.0 0.5 1.5 0.0 0.0 0.0
9.657894736842106 51.64401767745217 5.0 0.5 1.5 0.0 0.0 0.0
10.421052631578949 49.179727315021225 5.0 0.5 1.5 0.0 0.0 0.0
11.18421052631579 55.21580556693653 5.0 0.5 1.5 0.0 0.0 0.0
11.947368421052632 48.13638200003357 5.0 0.5 1.5 0.0 0.0 0.0
12.710526315789474 50.89827696660252 5.0 0.5 1.5 0.0 0.0 0.0
13.473684210526317 53.253283482824614 5.0 0.5 1.5 0.0 0.0 0.0
14.23684210526316 52.37100735701164 5.0 0.5 1.5 0.0 0.0 0.0
15.0 56.054090371486076 5.0 0.5 1.5 0.0 0.0 0.0
