0.5 53.55043184577512 5.0 0.5 1.5 0.0 0.0 0.0
1.263157894736842 57.342246753225595 5.0 0.5 1.5 0.0 0.0 0.0
2.026315789473684 55.795241948629865 5.0 0.5 1.5 0.0 0.0 0.0
2.7894736842105265 56.24949423701672 5.0 0.5 1.5 0.0 0.0 0.0
3.5526315789473686 52.06029403727827 5.0 0.5 1.5 0.0 0.0 0.0
4.315789473684211 50.91826570985863 5.0 0.5 1.5 0.0 0.0 0.0
5.078947368421053 52.35088762429595 5.0 0.5 1.5 0.0 0.0 0.0
5.842105263157895 52.19158989701229 5.0 0.5 1.5 0.0 0.0 0.0
6.605263157894737 56.4126518600128 5.0 0.5 1.5 0.0 0.0 0.0
7.36842105263158 56.98200620493621 5.0 0.5 1.5 0.0 0.0 0.0
8.131578947368421 53.58866318545685 5.0 0.5 1.5 0.0 0.0 0.0
8.894736842105264 58.34681111052711 5.0 0.5 1.5 0.0 0.0 0.0
9.657894736842106 58.159462235349444 5.0 0.5 1.5 0.0 0.0 0.0
10.421052631578949 54.784250803255674 5.0 0.5 1.5 0.0 0.0 0.0
11.18421052631579 51.58837873942494 5.0 0.5 1.5 0.0 0.0 0.0
11.947368421052632 58.78018400236068 5.0 0.5 1.5 0.0 0.0 0.0
12.710526315789474 53.87100200096883 5.0 0.5 1.5 0.0 0.0 0.0
13.473684210526317 54.43254964334698 5.0 0.5 1.5 0.0 0.0 0.0
14.23684210526316 53.03523897723435 5.0 0.5 1.5 0.0 0.0 0.0
15.0 51.384683075162464 5.0 0.5 1.5 0.0 0.0 0.0
