0.5 55.13131367808716 5.0 0.5 1.5 0.0 0.0 0.0
1.263157894736842 57.97016549554807 5.0 0.5 1.5 0.0 0.0 0.0
2.026315789473684 53.4784400110781 5.0 0.5 1.5 0.0 0.0 0.0
2.7894736842105265 55.36393000264915 5.0 0.5 1.5 0.0 0.0 0.0
3.5526315789473686 55.26855720520645 5.0 0.5 1.5 0.0 0.0 0.0
4.315789473684211 59.99296313772515 5.0 0.5 1.5 0.0 0.0 0.0
5.078947368421053 59.699454662306266 5.0 0.5 1.5 0.0 0.0 0.0
5.842105263157895 58.12775648528976 5.0 0.5 1.5 0.0 0.0 0.0
6.605263157894737 53.24603304313114 5.0 0.5 1.5 0.0 0.0 0.0
7.36842105263158 56.36237899544814 5.0 0.5 1.5 0.0 0.0 0.0
8.131578947368421 55.05894784846912 5.0 0.5 1.5 0.0 0.0 0.0
8.894736842105264 59.90632456738077 5.0 0.5 1.5 0.0 0.0 0.0
9.657894736842106 60.83185185574885 5.0 0.5 1.5 0.0 0.0 0.0
10.421052631578949 60.466454055389946 5.0 0.5 1.5 0.0 0.0 0.0
11.18421052631579 55.03163903904624 5.0 0.5 1.5 0.0 0.0 0.0
11.947368421052632 49.07869793042886 5.0 0.5 1.5 0.0 0.0 0.0
12.710526315789474 51.99641160290714 5.0 0.5 1.5 0.0 0.0 0.0
13.473684210526317 61.562178231543925 5.0 0.5 1.5 0.0 0.0 0.0
14.23684210526316 56.093532479337824 5.0 0.5 1.5 0.0 0.0 0.0
15.0 55.04512344250196 5.0 0.5 1.5 0.0 0.0 0.0
