0.5 51.65359033839511 5.0 0.5 1.5 0.0 0.0 0.0
1.263157894736842 55.34184589460767 5.0 0.5 1.5 0.0 0.0 0.0
2.026315789473684 55.05526546918963 5.0 0.5 1.5 0.0 0.0 0.0
2.7894736842105265 49.48670289458003 5.0 0.5 1.5 0.0 0.0 0.0
3.5526315789473686 49.86585307370671 5.0 0.5 1.5 0.0 0.0 0.0
4.315789473684211 52.758538890872664 5.0 0.5 1.5 0.0 0.0 0.0
5.078947368421053 57.61082955644096 5.0 0.5 1.5 0.0 0.0 0.0
5.842105263157895 46.68573693902545 5.0 0.5 1.5 0.0 0.0 0.0
6.605263157894737 53.26743125114395 5.0 0.5 1.5 0.0 0.0 0.0
7.36842105263158 48.30430243771299 5.0 0.5 1.5 0.0 0.0 0.0
8.131578947368421 50.5294394518558 5.0 0.5 1.5 0.0 0.0 0.0
8.894736842105264 51.33914717823971 5.0 0.5 1.5 0.0 0.0 0.0
9.657894736842106 51.17090740212176 5.0 0.5 1.5 0.0 0.0 0.0
10.421052631578949 50.83104461345481 5.0 0.5 1.5 0.0 0.0 0.0
11.18421052631579 52.45405361356155 5.0 0.5 1.5 0.0 0.0 0.0
11.947368421052632 50.8266657325407 5.0 0.5 1.5 0.0 0.0 0.0
12.710526315789474 48.04506027786998 5.0 0.5 1.5 0.0 0.0 0.0
13.473684210526317 54.77204127000076 5.0 0.5 1.5 0.0 0.0 0.0
14.23684210526316 54.691048933879074 5.0 0.5 1.5 0.0 0.0 0.0
15.0 54.96195536250044 5.0 0.5 1.5 0.0 0.0 0.0
