0.5 48.621039754451 5.0 0.5 1.5 0.0 0.0 0.0
1.263157894736842 54.13999770099569 5.0 0.5 1.5 0.0 0.0 0.0
2.026315789473684 55.27117981066401 5.0 0.5 1.5 0.0 0.0 0.0
2.7894736842105265 50.149637037924485 5.0 0.5 1.5 0.0 0.0 0.0
3.5526315789473686 53.27076298778963 5.0 0.5 1.5 0.0 0.0 0.0
4.315789473684211 52.894443307312144 5.0 0.5 1.5 0.0 0.0 0.0
5.078947368421053 58.76969521894803 5.0 0.5 1.5 0.0 0.0 0.0
5.842105263157895 59.016731354280964 5.0 0.5 1.5 0.0 0.0 0.0
6.605263157894737 48.25017406325264 5.0 0.5 1.5 0.0 0.0 0.0
7.36842105263158 60.72502426042721 5.0 0.5 1.5 0.0 0.0 0.0
8.131578947368421 50.49756607978327 5.0 0.5 1.5 0.0 0.0 0.0
8.894736842105264 56.18526312622552 5.0 0.5 1.5 0.0 0.0 0.0
9.657894736842106 56.154737185834435 5.0 0.5 1.5 0.0 0.0 0.0
10.421052631578949 50.25617256271782 5.0 0.5 1.5 0.0 0.0 0.0
11.18421052631579 54.72304662476054 5.0 0.5 1.5 0.0 0.0 0.0
11.947368421052632 52.92064201044505 5.0 0.5 1.5 0.0 0.0 0.0
12.710526315789474 54.906233257140414 5.0 0.5 1.5 0.0 0.0 0.0
13.473684210526317 53.93526015038512 5.0 0.5 1.5 0.0 0.0 0.0
14.23684210526316 56.832261699353985 5.0 0.5 1.5 0.0 0.0 0.0
15.0 53.46944187268143 5.0 0.5 1.5 0.0 0.0 0.0
