0.5 65.94127972080338 5.0 0.5 1.5 0.0 0.0 0.0
1.263157894736842 61.80507664236178 5.0 0.5 1.5 0.0 0.0 0.0
2.026315789473684 59.49275019411693 5.0 0.5 1.5 0.0 0.0 0.0
2.7894736842105265 60.685420895866 5.0 0.5 1.5 0.0 0.0 0.0
3.5526315789473686 62.76471305398995 5.0 0.5 1.5 0.0 0.0 0.0
4.315789473684211 61.04162017061962 5.0 0.5 1.5 0.0 0.0 0.0
5.078947368421053 63.618072011351586 5.0 0.5 1.5 0.0 0.0 0.0
5.842105263157895 63.730693444409255 5.0 0.5 1.5 0.0 0.0 0.0
6.605263157894737 64.8291117033761 5.0 0.5 1.5 0.0 0.0 0.0
7.36842105263158 66.43284057895725 5.0 0.5 1.5 0.0 0.0 0.0
8.131578947368421 65.14973833527924 5.0 0.5 1.5 0.0 0.0 0.0
8.894736842105264 59.35944496971828 5.0 0.5 1.5 0.0 0.0 0.0
9.657894736842106 59.45155882243334 5.0 0.5 1.5 0.0 0.0 0.0
10.421052631578949 61.934847732782686 5.0 0.5 1.5 0.0 0.0 0.0
11.18421052631579 60.80863609044392 5.0 0.5 1.5 0.0 0.0 0.0
11.947368421052632 58.74718198127933 5.0 0.5 1.5 0.0 0.0 0.0
12.710526315789474 60.83708677964318 5.0 0.5 1.5 0.0 0.0 0.0
13.473684210526317 60.738623361305045 5.0 0.5 1.5 0.0 0.0 0.0
14.23684210526316 60.14661894287855 5.0 0.5 1.5 0.0 0.0 0.0
15.0 61.21479370369715 5.0 0.5 1.5 0.0 0.0 0.0
