0.5 65.64847912651105 5.0 0.5 1.5 0.0 0.0 0.0
1.263157894736842 75.31150346154813 5.0 0.5 1.5 0.0 0.0 0.0
2.026315789473684 65.53362797012656 5.0 0.5 1.5 0.0 0.0 0.0
2.7894736842105265 66.98179627148427 5.0 0.5 1.5 0.0 0.0 0.0
3.5526315789473686 65.0228824743956 5.0 0.5 1.5 0.0 0.0 0.0
4.315789473684211 67.33319289639714 5.0 0.5 1.5 0.0 0.0 0.0
5.078947368421053 68.72306099987496 5.0 0.5 1.5 0.0 0.0 0.0
5.842105263157895 65.87446703705697 5.0 0.5 1.5 0.0 0.0 0.0
6.605263157894737 71.54637575756908 5.0 0.5 1.5 0.0 0.0 0.0
7.36842105263158 66.9336640701166 5.0 0.5 1.5 0.0 0.0 0.0
8.131578947368421 67.02767237454682 5.0 0.5 1.5 0.0 0.0 0.0
8.894736842105264 63.48922313267507 5.0 0.5 1.5 0.0 0.0 0.0
9.657894736842106 67.47171343986737 5.0 0.5 1.5 0.0 0.0 0.0
10.421052631578949 65.81413455378812 5.0 0.5 1.5 0.0 0.0 0.0
11.18421052631579 64.39149702820437 5.0 0.5 1.5 0.0 0.0 0.0
11.947368421052632 63.88679299177113 5.0 0.5 1.5 0.0 0.0 0.0
12.710526315789474 74.23150635548627 5.0 0.5 1.5 0.0 0.0 0.0
13.473684210526317 65.42578446567911 5.0 0.5 1.5 0.0 0.0 0.0
14.23684210526316 61.84525995387242 5.0 0.5 1.5 0.0 0.0 0.0
15.0 64.1215518370185 5.0 0.5 1.5 0.0 0.0 0.0
