0.5 66.40605244031403 5.0 0.5 1.5 0.0 0.0 0.0
1.263157894736842 65.96194532515965 5.0 0.5 1.5 0.0 0.0 0.0
2.026315789473684 67.46836285893245 5.0 0.5 1.5 0.0 0.0 0.0
2.7894736842105265 67.04374089808276 5.0 0.5 1.5 0.0 0.0 0.0
3.5526315789473686 66.13333821937701 5.0 0.5 1.5 0.0 0.0 0.0
4.315789473684211 67.07525540243807 5.0 0.5 1.5 0.0 0.0 0.0
5.078947368421053 65.27735611672298 5.0 0.5 1.5 0.0 0.0 0.0
5.842105263157895 66.64407959107263 5.0 0.5 1.5 0.0 0.0 0.0
6.605263157894737 63.22697219734634 5.0 0.5 1.5 0.0 0.0 0.0
7.36842105263158 66.5145231823228 5.0 0.5 1.5 0.0 0.0 0.0
8.131578947368421 67.41065846126345 5.0 0.5 1.5 0.0 0.0 0.0
8.894736842105264 63.39636112118881 5.0 0.5 1.5 0.0 0.0 0.0
9.657894736842106 65.56090170238396 5.0 0.5 1.5 0.0 0.0 0.0
10.421052631578949 63.53459787651734 5.0 0.5 1.5 0.0 0.0 0.0
11.18421052631579 63.82588531585707 5.0 0.5 1.5 0.0 0.0 0.0
11.947368421052632 62.030617340098956 5.0 0.5 1.5 0.0 0.0 0.0
12.710526315789474 69.20273018090508 5.0 0.5 1.5 0.0 0.0 0.0
13.473684210526317 68.60246092956557 5.0 0.5 1.5 0.0 0.0 0.0
14.23684210526316 67.01770696808742 5.0 0.5 1.5 0.0 0.0 0.0
15.0 71.32199326123686 5.0 0.5 1.5 0.0 0.0 0.0
