0.5 66.50832552392797 5.0 0.5 1.5 0.0 0.0 0.0
1.263157894736842 63.57068709672069 5.0 0.5 1.5 0.0 0.0 0.0
2.026315789473684 70.38840020113938 5.0 0.5 1.5 0.0 0.0 0.0
2.7894736842105265 63.48449753103192 5.0 0.5 1.5 0.0 0.0 0.0
3.5526315789473686 62.10277565116122 5.0 0.5 1.5 0.0 0.0 0.0
4.315789473684211 62.98537162093757 5.0 0.5 1.5 0.0 0.0 0.0
5.078947368421053 63.742448908303594 5.0 0.5 1.5 0.0 0.0 0.0
5.842105263157895 64.27873484448617 5.0 0.5 1.5 0.0 0.0 0.0
6.605263157894737 69.20310695055005 5.0 0.5 1.5 0.0 0.0 0.0
7.36842105263158 60.43701157804027 5.0 0.5 1.5 0.0 0.0 0.0
8.131578947368421 65.55011114750619 5.0 0.5 1.5 0.0 0.0 0.0
8.894736842105264 63.59622476581535 5.0 0.5 1.5 0.0 0.0 0.0
9.657894736842106 58.259679745261124 5.0 0.5 1.5 0.0 0.0 0.0
10.421052631578949 65.28506931925726 5.0 0.5 1.5 0.0 0.0 0.0
11.18421052631579 66.77584365538469 5.0 0.5 1.5 0.0 0.0 0.0
11.947368421052632 60.401443761640685 5.0 0.5 1.5 0.0 0.0 0.0
12.710526315789474 62.94617136929706 5.0 0.5 1.5 0.0 0.0 0.0
13.473684210526317 57.796910186949866 5.0 0.5 1.5 0.0 0.0 0.0
14.23684210526316 59.196553593919965 5.0 0.5 1.5 0.0 0.0 0.0
15.0 66.11706170582474 5.0 0.5 1.5 0.0 0.0 0.0
