0.5 61.54654500636993 5.0 0.5 1.5 0.0 0.0 0.0
1.263157894736842 63.02787915596708 5.0 0.5 1.5 0.0 0.0 0.0
2.026315789473684 66.93813821026582 5.0 0.5 1.5 0.0 0.0 0.0
2.7894736842105265 67.75252784744129 5.0 0.5 1.5 0.0 0.0 0.0
3.5526315789473686 64.3824478194212 5.0 0.5 1.5 0.0 0.0 0.0
4.315789473684211 64.72856943748499 5.0 0.5 1.5 0.0 0.0 0.0
5.078947368421053 66.8696536925268 5.0 0.5 1.5 0.0 0.0 0.0
5.842105263157895 64.98998987562706 5.0 0.5 1.5 0.0 0.0 0.0
6.605263157894737 60.71408001657947 5.0 0.5 1.5 0.0 0.0 0.0
7.36842105263158 62.15567252067405 5.0 0.5 1.5 0.0 0.0 0.0
8.131578947368421 65.29995442404959 5.0 0.5 1.5 0.0 0.0 0.0
8.894736842105264 68.24104184408768 5.0 0.5 1.5 0.0 0.0 0.0
9.657894736842106 69.44254186708073 5.0 0.5 1.5 0.0 0.0 0.0
10.421052631578949 66.93318285690894 5.0 0.5 1.5 0.0 0.0 0.0
11.18421052631579 65.45646687770369 5.0 0.5 1.5 0.0 0.0 0.0
11.947368421052632 66.84103625254203 5.0 0.5 1.5 0.0 0.0 0.0
12.710526315789474 62.59434204397403 5.0 0.5 1.5 0.0 0.0 0.0
13.473684210526317 64.13490171381996 5.0 0.5 1.5 0.0 0.0 0.0
14.23684210526316 62.122202430576166 5.0 0.5 1.5 0.0 0.0 0.0
15.0 60.848366762471464 5.0 0.5 1.5 0.0 0.0 0.0
