0.5 64.87667237422718 5.0 0.5 1.5 0.0 0.0 0.0
1.263157894736842 63.3437185116647 5.0 0.5 1.5 0.0 0.0 0.0
2.026315789473684 65.70167533928895 5.0 0.5 1.5 0.0 0.0 0.0
2.7894736842105265 69.53258968165657 5.0 0.5 1.5 0.0 0.0 0.0
3.5526315789473686 69.90811208336403 5.0 0.5 1.5 0.0 0.0 0.0
4.315789473684211 63.73401100569225 5.0 0.5 1.5 0.0 0.0 0.0
5.078947368421053 64.8945397354332 5.0 0.5 1.5 0.0 0.0 0.0
5.842105263157895 65.66813078001532 5.0 0.5 1.5 0.0 0.0 0.0
6.605263157894737 66.7659226570374 5.0 0.5 1.5 0.0 0.0 0.0
7.36842105263158 63.75168534527988 5.0 0.5 1.5 0.0 0.0 0.0
8.131578947368421 63.57168253941744 5.0 0.5 1.5 0.0 0.0 0.0
8.894736842105264 65.37233194861517 5.0 0.5 1.5 0.0 0.0 0.0
9.657894736842106 68.09659934651286 5.0 0.5 1.5 0.0 0.0 0.0
10.421052631578949 64.29605481857736 5.0 0.5 1.5 0.0 0.0 0.0
11.18421052631579 67.49042730792254 5.0 0.5 1.5 0.0 0.0 0.0
11.947368421052632 71.01349628626329 5.0 0.5 1.5 0.0 0.0 0.0
12.710526315789474 63.93249862559731 5.0 0.5 1.5 0.0 0.0 0.0
13.473684210526317 67.21850056260622 5.0 0.5 1.5 0.0 0.0 0.0
14.23684210526316 70.91210803909016 5.0 0.5 1.5 0.0 0.0 0.0
15.0 66.5830326667464 5.0 0.5 1.5 0.0 0.0 0.0
