0.5 66.92763957607339 5.0 0.5 1.5 0.0 0.0 0.0
1.263157894736842 72.13913609156806 5.0 0.5 1.5 0.0 0.0 0.0
2.026315789473684 67.730042411734 5.0 0.5 1.5 0.0 0.0 0.0
2.7894736842105265 71.96213372426534 5.0 0.5 1.5 0.0 0.0 0.0
3.5526315789473686 69.93554482203024 5.0 0.5 1.5 0.0 0.0 0.0
4.315789473684211 67.62011468991913 5.0 0.5 1.5 0.0 0.0 0.0
5.078947368421053 70.08772024044124 5.0 0.5 1.5 0.0 0.0 0.0
5.842105263157895 69.60999719018676 5.0 0.5 1.5 0.0 0.0 0.0
6.605263157894737 71.71129711165607 5.0 0.5 1.5 0.0 0.0 0.0
7.36842105263158 67.00361203505359 5.0 0.5 1.5 0.0 0.0 0.0
8.131578947368421 68.77226684899351 5.0 0.5 1.5 0.0 0.0 0.0
8.894736842105264 68.46410160983473 5.0 0.5 1.5 0.0 0.0 0.0
9.657894736842106 70.761093073568 5.0 0.5 1.5 0.0 0.0 0.0
10.421052631578949 65.57311106531611 5.0 0.5 1.5 0.0 0.0 0.0
11.18421052631579 71.69957979336222 5.0 0.5 1.5 0.0 0.0 0.0
11.947368421052632 70.0476349651599 5.0 0.5 1.5 0.0 0.0 0.0
12.710526315789474 64.69787342774981 5.0 0.5 1.5 0.0 0.0 0.0
13.473684210526317 72.27343712509014 5.0 0.5 1.5 0.0 0.0 0.0
14.23684210526316 75.35092789104183 5.0 0.5 1.5 0.0 0.0 0.0
15.0 71.65415055729687 5.0 0.5 1.5 0.0 0.0 0.0
