0.5 74.3534639318038 5.0 0.5 1.5 0.0 0.0 0.0
1.263157894736842 78.88810016089754 5.0 0.5 1.5 0.0 0.0 0.0
2.026315789473684 75.52096396809725 5.0 0.5 1.5 0.0 0.0 0.0
2.7894736842105265 75.63067255215023 5.0 0.5 1.5 0.0 0.0 0.0
3.5526315789473686 81.96823928728355 5.0 0.5 1.5 0.0 0.0 0.0
4.315789473684211 74.25057813300624 5.0 0.5 1.5 0.0 0.0 0.0
5.078947368421053 74.15663323663782 5.0 0.5 1.5 0.0 0.0 0.0
5.842105263157895 74.81474792566767 5.0 0.5 1.5 0.0 0.0 0.0
6.605263157894737 69.67580476993795 5.0 0.5 1.5 0.0 0.0 0.0
7.36842105263158 71.37099779344643 5.0 0.5 1.5 0.0 0.0 0.0
8.131578947368421 71.1841949026257 5.0 0.5 1.5 0.0 0.0 0.0
8.894736842105264 74.6455446343614 5.0 0.5 1.5 0.0 0.0 0.0
9.657894736842106 72.18017901603912 5.0 0.5 1.5 0.0 0.0 0.0
10.421052631578949 73.11737297912562 5.0 0.5 1.5 0.0 0.0 0.0
11.18421052631579 75.9650665631481 5.0 0.5 1.5 0.0 0.0 0.0
11.947368421052632 75.29215491881513 5.0 0.5 1.5 0.0 0.0 0.0
12.710526315789474 72.21753969357897 5.0 0.5 1.5 0.0 0.0 0.0
13.473684210526317 70.69271741206803 5.0 0.5 1.5 0.0 0.0 0.0
14.23684210526316 76.10852689766227 5.0 0.5 1.5 0.0 0.0 0.0
15.0 75.02437624543231 5.0 0.5 1.5 0.0 0.0 0.0
