0.5 73.74041376113885 5.0 0.5 1.5 0.0 0.0 0.0
1.263157894736842 69.71557360426722 5.0 0.5 1.5 0.0 0.0 0.0
2.026315789473684 64.47494470024392 5.0 0.5 1.5 0.0 0.0 0.0
2.7894736842105265 63.92709810595688 5.0 0.5 1.5 0.0 0.0 0.0
3.5526315789473686 70.22470559106273 5.0 0.5 1.5 0.0 0.0 0.0
4.315789473684211 67.6835230362695 5.0 0.5 1.5 0.0 0.0 0.0
5.078947368421053 66.7157306244774 5.0 0.5 1.5 0.0 0.0 0.0
5.842105263157895 69.27121940755343 5.0 0.5 1.5 0.0 0.0 0.0
6.605263157894737 71.30621532304332 5.0 0.5 1.5 0.0 0.0 0.0
7.36842105263158 65.10118681917301 5.0 0.5 1.5 0.0 0.0 0.0
8.131578947368421 68.1128265986183 5.0 0.5 1.5 0.0 0.0 0.0
8.894736842105264 73.9890715088204 5.0 0.5 1.5 0.0 0.0 0.0
9.657894736842106 66.23359431879533 5.0 0.5 1.5 0.0 0.0 0.0
10.421052631578949 72.06874302095432 5.0 0.5 1.5 0.0 0.0 0.0
11.18421052631579 68.00526717481247 5.0 0.5 1.5 0.0 0.0 0.0
11.947368421052632 71.09684073900931 5.0 0.5 1.5 0.0 0.0 0.0
12.710526315789474 72.75144198106806 5.0 0.5 1.5 0.0 0.0 0.0
13.473684210526317 71.68330476041452 5.0 0.5 1.5 0.0 0.0 0.0
14.23684210526316 72.18693826610108 5.0 0.5 1.5 0.0 0.0 0.0
15.0 66.00467885923558 5.0 0.5 1.5 0.0 0.0 0.0
