0.5 76.62352545489561 5.0 0.5 1.5 0.0 0.0 0.0
1.263157894736842 76.9206001024197 5.0 0.5 1.5 0.0 0.0 0.0
2.026315789473684 81.58108334192534 5.0 0.5 1.5 0.0 0.0 0.0
2.7894736842105265 73.9392179259357 5.0 0.5 1.5 0.0 0.0 0.0
3.5526315789473686 75.72550996117475 5.0 0.5 1.5 0.0 0.0 0.0
4.315789473684211 77.22431778640423 5.0 0.5 1.5 0.0 0.0 0.0
5.078947368421053 75.8756770683435 5.0 0.5 1.5 0.0 0.0 0.0
5.842105263157895 74.44409150797999 5.0 0.5 1.5 0.0 0.0 0.0
6.605263157894737 71.29817441691321 5.0 0.5 1.5 0.0 0.0 0.0
7.36842105263158 74.41344226878691 5.0 0.5 1.5 0.0 0.0 0.0
8.131578947368421 72.72483870779254 5.0 0.5 1.5 0.0 0.0 0.0
8.894736842105264 70.76612590257461 5.0 0.5 1.5 0.0 0.0 0.0
9.657894736842106 73.55890942093419 5.0 0.5 1.5 0.0 0.0 0.0
10.421052631578949 72.80467078364659 5.0 0.5 1.5 0.0 0.0 0.0
11.18421052631579 77.69730558182479 5.0 0.5 1.5 0.0 0.0 0.0
11.947368421052632 77.74922145818883 5.0 0.5 1.5 0.0 0.0 0.0
12.710526315789474 73.23430807720332 5.0 0.5 1.5 0.0 0.0 0.0
13.473684210526317 75.16526005425659 5.0 0.5 1.5 0.0 0.0 0.0
14.23684210526316 70.37121795960834 5.0 0.5 1.5 0.0 0.0 0.0
15.0 74.46292609539788 5.0 0.5 1.5 0.0 0.0 0.0
