0.5 77.1227574937666 5.0 0.5 1.5 0.0 0.0 0.0
1.263157894736842 74.19770318838101 5.0 0.5 1.5 0.0 0.0 0.0
2.026315789473684 70.22038031073261 5.0 0.5 1.5 0.0 0.0 0.0
2.7894736842105265 75.80543298323856 5.0 0.5 1.5 0.0 0.0 0.0
3.5526315789473686 69.67034443038854 5.0 0.5 1.5 0.0 0.0 0.0
4.315789473684211 74.91919130309392 5.0 0.5 1.5 0.0 0.0 0.0
5.078947368421053 67.81526015412285 5.0 0.5 1.5 0.0 0.0 0.0
5.842105263157895 75.11166538725938 5.0 0.5 1.5 0.0 0.0 0.0
6.605263157894737 70.67349095547894 5.0 0.5 1.5 0.0 0.0 0.0
7.36842105263158 68.8063791690681 5.0 0.5 1.5 0.0 0.0 0.0
8.131578947368421 71.24046105266297 5.0 0.5 1.5 0.0 0.0 0.0
8.894736842105264 72.72392443105255 5.0 0.5 1.5 0.0 0.0 0.0
9.657894736842106 70.40764660031476 5.0 0.5 1.5 0.0 0.0 0.0
10.421052631578949 73.55375240987787 5.0 0.5 1.5 0.0 0.0 0.0
11.18421052631579 70.1429102408997 5.0 0.5 1.5 0.0 0.0 0.0
11.947368421052632 73.75300907368597 5.0 0.5 1.5 0.0 0.0 0.0
12.710526315789474 73.2185580780017 5.0 0.5 1.5 0.0 0.0 0.0
13.473684210526317 71.70912272776809 5.0 0.5 1.5 0.0 0.0 0.0
14.23684210526316 70.56774495479405 5.0 0.5 1.5 0.0 0.0 0.0
15.0 72.3465142791877 5.0 0.5 1.5 0.0 0.0 0.0
