0.5 73.61124939049417 5.0 0.5 1.5 0.0 0.0 0.0
1.263157894736842 67.71219092636582 5.0 0.5 1.5 0.0 0.0 0.0
2.026315789473684 71.04889556698488 5.0 0.5 1.5 0.0 0.0 0.0
2.7894736842105265 71.04500883126195 5.0 0.5 1.5 0.0 0.0 0.0
3.5526315789473686 71.72563794687902 5.0 0.5 1.5 0.0 0.0 0.0
4.315789473684211 71.28114029845085 5.0 0.5 1.5 0.0 0.0 0.0
5.078947368421053 67.7388403346961 5.0 0.5 1.5 0.0 0.0 0.0
5.842105263157895 66.22066803338312 5.0 0.5 1.5 0.0 0.0 0.0
6.605263157894737 72.88731631015558 5.0 0.5 1.5 0.0 0.0 0.0
7.36842105263158 70.82777400282703 5.0 0.5 1.5 0.0 0.0 0.0
8.131578947368421 73.71840079314373 5.0 0.5 1.5 0.0 0.0 0.0
8.894736842105264 70.13607146770667 5.0 0.5 1.5 0.0 0.0 0.0
9.657894736842106 66.0547771882394 5.0 0.5 1.5 0.0 0.0 0.0
10.421052631578949 73.16865931328259 5.0 0.5 1.5 0.0 0.0 0.0
11.18421052631579 69.15915844128695 5.0 0.5 1.5 0.0 0.0 0.0
11.947368421052632 71.29628064253333 5.0 0.5 1.5 0.0 0.0 0.0
12.710526315789474 68.32789198483172 5.0 0.5 1.5 0.0 0.0 0.0
13.473684210526317 75.20317540097135 5.0 0.5 1.5 0.0 0.0 0.0
14.23684210526316 67.64057579772069 5.0 0.5 1.5 0.0 0.0 0.0
15.0 69.25798100795176 5.0 0.5 1.5 0.0 0.0 0.0
