0.5 68.69474305862737 5.0 0.5 1.5 0.0 0.0 0.0
1.263157894736842 72.57405169678867 5.0 0.5 1.5 0.0 0.0 0.0
2.026315789473684 74.0100598995638 5.0 0.5 1.5 0.0 0.0 0.0
2.7894736842105265 75.85000266487661 5.0 0.5 1.5 0.0 0.0 0.0
3.5526315789473686 76.24381799833283 5.0 0.5 1.5 0.0 0.0 0.0
4.315789473684211 74.36523151703993 5.0 0.5 1.5 0.0 0.0 0.0
5.078947368421053 75.26925610759008 5.0 0.5 1.5 0.0 0.0 0.0
5.842105263157895 73.70592392064798 5.0 0.5 1.5 0.0 0.0 0.0
6.605263157894737 71.49195844897183 5.0 0.5 1.5 0.0 0.0 0.0
7.36842105263158 72.72972034038975 5.0 0.5 1.5 0.0 0.0 0.0
8.131578947368421 73.57048707343384 5.0 0.5 1.5 0.0 0.0 0.0
8.894736842105264 73.40947576345775 5.0 0.5 1.5 0.0 0.0 0.0
9.657894736842106 67.85679480018311 5.0 0.5 1.5 0.0 0.0 0.0
10.421052631578949 72.32106350872522 5.0 0.5 1.5 0.0 0.0 0.0
11.18421052631579 73.68213047278097 5.0 0.5 1.5 0.0 0.0 0.0
11.947368421052632 72.66940353779641 5.0 0.5 1.5 0.0 0.0 0.0
12.710526315789474 72.77304212697877 5.0 0.5 1.5 0.0 0.0 0.0
13.473684210526317 74.97748762592728 5.0 0.5 1.5 0.0 0.0 0.0
14.23684210526316 70.27664195236761 5.0 0.5 1.5 0.0 0.0 0.0
15.0 68.62938687165988 5.0 0.5 1.5 0.0 0.0 0.0
