0.5 77.9537024588638 5.0 0.5 1.5 0.0 0.0 0.0
1.263157894736842 79.23157042559906 5.0 0.5 1.5 0.0 0.0 0.0
2.026315789473684 74.61761551168281 5.0 0.5 1.5 0.0 0.0 0.0
2.7894736842105265 79.91232133833931 5.0 0.5 1.5 0.0 0.0 0.0
3.5526315789473686 72.20968099221635 5.0 0.5 1.5 0.0 0.0 0.0
4.315789473684211 73.01387335932537 5.0 0.5 1.5 0.0 0.0 0.0
5.078947368421053 78.88574235367038 5.0 0.5 1.5 0.0 0.0 0.0
5.842105263157895 81.7701204424465 5.0 0.5 1.5 0.0 0.0 0.0
6.605263157894737 78.23705272130785 5.0 0.5 1.5 0.0 0.0 0.0
7.36842105263158 76.63572959715472 5.0 0.5 1.5 0.0 0.0 0.0
8.131578947368421 70.17120551719013 5.0 0.5 1.5 0.0 0.0 0.0
8.894736842105264 70.68941558862632 5.0 0.5 1.5 0.0 0.0 0.0
9.657894736842106 77.14498536744436 5.0 0.5 1.5 0.0 0.0 0.0
10.421052631578949 75.68256874804324 5.0 0.5 1.5 0.0 0.0 0.0
11.18421052631579 73.4392512103004 5.0 0.5 1.5 0.0 0.0 0.0
11.947368421052632 76.95335449924691 5.0 0.5 1.5 0.0 0.0 0.0
12.710526315789474 77.10215085928019 5.0 0.5 1.5 0.0 0.0 0.0
13.473684210526317 79.59000436237757 5.0 0.5 1.5 0.0 0.0 0.0
14.23684210526316 77.16656360579486 5.0 0.5 1.5 0.0 0.0 0.0
15.0 80.4419398617599 5.0 0.5 1.5 0.0 0.0 0.0
