# SPARC rotation curve data (sample)
# R[kpc] Vobs[km/s] errV[km/s] Vgas[km/s] Vdisk[km/s] Vbul[km/s]
0.3000  8.8796  3.0000  4.4203  3.0948  0.0000
0.7053  19.3301  3.0000  9.3458  5.9929  0.0000
1.1105  25.2814  3.0000  12.8080  7.6462  0.0000
1.5158  29.7359  3.0000  15.1771  8.6381  0.0000
1.9211  32.3552  3.0000  16.8411  9.2836  0.0000
2.3263  34.0522  3.0000  18.0544  9.7330  0.0000
2.7316  35.1490  3.0000  18.9709  10.0624  0.0000
3.1368  35.9617  3.0000  19.6845  10.3138  0.0000
3.5421  37.3248  3.0000  20.2544  10.5115  0.0000
3.9474  38.6268  3.0000  20.7193  10.6711  0.0000
4.3526  38.9296  3.0000  21.1054  10.8026  0.0000
4.7579  38.7699  3.0000  21.4309  10.9127  0.0000
5.1632  39.8319  3.0000  21.7089  11.0062  0.0000
5.5684  40.2923  3.0000  21.9490  11.0866  0.0000
5.9737  40.0389  3.0000  22.1584  11.1565  0.0000
6.3789  40.7848  3.0000  22.3427  11.2178  0.0000
6.7842  40.9888  3.0000  22.5060  11.2720  0.0000
7.1895  40.6685  3.0000  22.6517  11.3202  0.0000
7.5947  41.5413  3.0000  22.7825  11.3634  0.0000
8.0000  41.8107  3.0000  22.9006  11.4024  0.0000
