0.5 85.76206406201976 5.0 26.06896551724138 65.17241379310346 0.0 0.0 0.0
1.263157894736842 90.79423661749613 5.0 26.06896551724138 65.17241379310346 0.0 0.0 0.0
2.026315789473684 85.82775981095365 5.0 26.06896551724138 65.17241379310346 0.0 0.0 0.0
2.7894736842105265 89.1090984295392 5.0 26.06896551724138 65.17241379310346 0.0 0.0 0.0
3.5526315789473686 84.0956986841083 5.0 26.06896551724138 65.17241379310346 0.0 0.0 0.0
4.315789473684211 86.28023905053504 5.0 26.06896551724138 65.17241379310346 0.0 0.0 0.0
5.078947368421053 84.0464855594062 5.0 26.06896551724138 65.17241379310346 0.0 0.0 0.0
5.842105263157895 85.87945249643624 5.0 26.06896551724138 65.17241379310346 0.0 0.0 0.0
6.605263157894737 89.41747613651012 5.0 26.06896551724138 65.17241379310346 0.0 0.0 0.0
7.36842105263158 81.71459045456089 5.0 26.06896551724138 65.17241379310346 0.0 0.0 0.0
8.131578947368421 88.1998226547755 5.0 26.06896551724138 65.17241379310346 0.0 0.0 0.0
8.894736842105264 87.60975853113477 5.0 26.06896551724138 65.17241379310346 0.0 0.0 0.0
9.657894736842106 85.11410185704756 5.0 26.06896551724138 65.17241379310346 0.0 0.0 0.0
10.421052631578949 82.55837816097257 5.0 26.06896551724138 65.17241379310346 0.0 0.0 0.0
11.18421052631579 87.11294024727954 5.0 26.06896551724138 65.17241379310346 0.0 0.0 0.0
11.947368421052632 85.30807359694653 5.0 26.06896551724138 65.17241379310346 0.0 0.0 0.0
12.710526315789474 87.59458035820205 5.0 26.06896551724138 65.17241379310346 0.0 0.0 0.0
13.473684210526317 86.96210816070827 5.0 26.06896551724138 65.17241379310346 0.0 0.0 0.0
14.23684210526316 91.70188839810068 5.0 26.06896551724138 65.17241379310346 0.0 0.0 0.0
15.0 86.17848484171887 5.0 26.06896551724138 65.17241379310346 0.0 0.0 0.0
