0.5 90.8984007136211 5.0 26.896551724137932 67.24137931034483 0.0 0.0 0.0
1.263157894736842 86.68655805369752 5.0 26.896551724137932 67.24137931034483 0.0 0.0 0.0
2.026315789473684 83.25903357159919 5.0 26.896551724137932 67.24137931034483 0.0 0.0 0.0
2.7894736842105265 90.45830680082462 5.0 26.896551724137932 67.24137931034483 0.0 0.0 0.0
3.5526315789473686 87.21634912786213 5.0 26.896551724137932 67.24137931034483 0.0 0.0 0.0
4.315789473684211 88.40910063325406 5.0 26.896551724137932 67.24137931034483 0.0 0.0 0.0
5.078947368421053 87.81888201661368 5.0 26.896551724137932 67.24137931034483 0.0 0.0 0.0
5.842105263157895 89.23279975454396 5.0 26.896551724137932 67.24137931034483 0.0 0.0 0.0
6.605263157894737 92.85311310615604 5.0 26.896551724137932 67.24137931034483 0.0 0.0 0.0
7.36842105263158 90.12631811612914 5.0 26.896551724137932 67.24137931034483 0.0 0.0 0.0
8.131578947368421 89.17926790267704 5.0 26.896551724137932 67.24137931034483 0.0 0.0 0.0
8.894736842105264 86.54821115531567 5.0 26.896551724137932 67.24137931034483 0.0 0.0 0.0
9.657894736842106 84.63112357968004 5.0 26.896551724137932 67.24137931034483 0.0 0.0 0.0
10.421052631578949 88.19624868657311 5.0 26.896551724137932 67.24137931034483 0.0 0.0 0.0
11.18421052631579 89.49382476133815 5.0 26.896551724137932 67.24137931034483 0.0 0.0 0.0
11.947368421052632 94.95896215453276 5.0 26.896551724137932 67.24137931034483 0.0 0.0 0.0
12.710526315789474 90.04599597821176 5.0 26.896551724137932 67.24137931034483 0.0 0.0 0.0
13.473684210526317 92.60339094686228 5.0 26.896551724137932 67.24137931034483 0.0 0.0 0.0
14.23684210526316 88.15728561817565 5.0 26.896551724137932 67.24137931034483 0.0 0.0 0.0
15.0 86.10034111454203 5.0 26.896551724137932 67.24137931034483 0.0 0.0 0.0
