0.5 85.20536959109992 5.0 26.482758620689655 66.20689655172414 0.0 0.0 0.0
1.263157894736842 88.81368897383447 5.0 26.482758620689655 66.20689655172414 0.0 0.0 0.0
2.026315789473684 88.93585212088082 5.0 26.482758620689655 66.20689655172414 0.0 0.0 0.0
2.7894736842105265 92.35342479468683 5.0 26.482758620689655 66.20689655172414 0.0 0.0 0.0
3.5526315789473686 90.78119580670926 5.0 26.482758620689655 66.20689655172414 0.0 0.0 0.0
4.315789473684211 89.34647524641404 5.0 26.482758620689655 66.20689655172414 0.0 0.0 0.0
5.078947368421053 92.6657707426242 5.0 26.482758620689655 66.20689655172414 0.0 0.0 0.0
5.842105263157895 84.70957290599696 5.0 26.482758620689655 66.20689655172414 0.0 0.0 0.0
6.605263157894737 86.35660747071628 5.0 26.482758620689655 66.20689655172414 0.0 0.0 0.0
7.36842105263158 85.49613424474894 5.0 26.482758620689655 66.20689655172414 0.0 0.0 0.0
8.131578947368421 87.10643265949822 5.0 26.482758620689655 66.20689655172414 0.0 0.0 0.0
8.894736842105264 84.1458036262966 5.0 26.482758620689655 66.20689655172414 0.0 0.0 0.0
9.657894736842106 90.18131490940874 5.0 26.482758620689655 66.20689655172414 0.0 0.0 0.0
10.421052631578949 87.60919397766921 5.0 26.482758620689655 66.20689655172414 0.0 0.0 0.0
11.18421052631579 83.86344318545756 5.0 26.482758620689655 66.20689655172414 0.0 0.0 0.0
11.947368421052632 85.2291248253429 5.0 26.482758620689655 66.20689655172414 0.0 0.0 0.0
12.710526315789474 89.21640361131611 5.0 26.482758620689655 66.20689655172414 0.0 0.0 0.0
13.473684210526317 90.79024177264867 5.0 26.482758620689655 66.20689655172414 0.0 0.0 0.0
14.23684210526316 94.26605474404089 5.0 26.482758620689655 66.20689655172414 0.0 0.0 0.0
15.0 97.01744946698751 5.0 26.482758620689655 66.20689655172414 0.0 0.0 0.0
