0.5 84.9883832032655 5.0 24.82758620689655 62.06896551724138 0.0 0.0 0.0
1.263157894736842 84.38808349457076 5.0 24.82758620689655 62.06896551724138 0.0 0.0 0.0
2.026315789473684 80.76209156778908 5.0 24.82758620689655 62.06896551724138 0.0 0.0 0.0
2.7894736842105265 83.45510465885533 5.0 24.82758620689655 62.06896551724138 0.0 0.0 0.0
3.5526315789473686 83.10867811707736 5.0 24.82758620689655 62.06896551724138 0.0 0.0 0.0
4.315789473684211 83.41468647984222 5.0 24.82758620689655 62.06896551724138 0.0 0.0 0.0
5.078947368421053 85.37290702349975 5.0 24.82758620689655 62.06896551724138 0.0 0.0 0.0
5.842105263157895 83.42940733597922 5.0 24.82758620689655 62.06896551724138 0.0 0.0 0.0
6.605263157894737 84.79536137887087 5.0 24.82758620689655 62.06896551724138 0.0 0.0 0.0
7.36842105263158 82.96135789812185 5.0 24.82758620689655 62.06896551724138 0.0 0.0 0.0
8.131578947368421 83.62597888572513 5.0 24.82758620689655 62.06896551724138 0.0 0.0 0.0
8.894736842105264 84.6524853671708 5.0 24.82758620689655 62.06896551724138 0.0 0.0 0.0
9.657894736842106 78.38715323008817 5.0 24.82758620689655 62.06896551724138 0.0 0.0 0.0
10.421052631578949 81.79960704058327 5.0 24.82758620689655 62.06896551724138 0.0 0.0 0.0
11.18421052631579 81.34750272677678 5.0 24.82758620689655 62.06896551724138 0.0 0.0 0.0
11.947368421052632 80.84198714492514 5.0 24.82758620689655 62.06896551724138 0.0 0.0 0.0
12.710526315789474 81.93319393597513 5.0 24.82758620689655 62.06896551724138 0.0 0.0 0.0
13.473684210526317 87.24344462335836 5.0 24.82758620689655 62.06896551724138 0.0 0.0 0.0
14.23684210526316 80.16112734257544 5.0 24.82758620689655 62.06896551724138 0.0 0.0 0.0
15.0 85.66345575342962 5.0 24.82758620689655 62.06896551724138 0.0 0.0 0.0
