0.5 79.08932171963535 5.0 25.24137931034483 63.10344827586207 0.0 0.0 0.0
1.263157894736842 83.13327594452544 5.0 25.24137931034483 63.10344827586207 0.0 0.0 0.0
2.026315789473684 84.62619022979777 5.0 25.24137931034483 63.10344827586207 0.0 0.0 0.0
2.7894736842105265 85.89659802856059 5.0 25.24137931034483 63.10344827586207 0.0 0.0 0.0
3.5526315789473686 86.27161077386133 5.0 25.24137931034483 63.10344827586207 0.0 0.0 0.0
4.315789473684211 86.51797274008254 5.0 25.24137931034483 63.10344827586207 0.0 0.0 0.0
5.078947368421053 83.09175581773745 5.0 25.24137931034483 63.10344827586207 0.0 0.0 0.0
5.842105263157895 82.75087565648906 5.0 25.24137931034483 63.10344827586207 0.0 0.0 0.0
6.605263157894737 86.71185867825422 5.0 25.24137931034483 63.10344827586207 0.0 0.0 0.0
7.36842105263158 83.56401805983792 5.0 25.24137931034483 63.10344827586207 0.0 0.0 0.0
8.131578947368421 80.310872064469 5.0 25.24137931034483 63.10344827586207 0.0 0.0 0.0
8.894736842105264 80.73806939247233 5.0 25.24137931034483 63.10344827586207 0.0 0.0 0.0
9.657894736842106 81.37957417647793 5.0 25.24137931034483 63.10344827586207 0.0 0.0 0.0
10.421052631578949 85.62941326664405 5.0 25.24137931034483 63.10344827586207 0.0 0.0 0.0
11.18421052631579 84.56520824269445 5.0 25.24137931034483 63.10344827586207 0.0 0.0 0.0
11.947368421052632 86.20938709668607 5.0 25.24137931034483 63.10344827586207 0.0 0.0 0.0
12.710526315789474 82.85617309547315 5.0 25.24137931034483 63.10344827586207 0.0 0.0 0.0
13.473684210526317 84.61355010771291 5.0 25.24137931034483 63.10344827586207 0.0 0.0 0.0
14.23684210526316 86.01470221638478 5.0 25.24137931034483 63.10344827586207 0.0 0.0 0.0
15.0 83.20989141532205 5.0 25.24137931034483 63.10344827586207 0.0 0.0 0.0
