0.5 80.82472325419181 5.0 24.413793103448274 61.03448275862069 0.0 0.0 0.0
1.263157894736842 79.33652171161576 5.0 24.413793103448274 61.03448275862069 0.0 0.0 0.0
2.026315789473684 85.04693436084968 5.0 24.413793103448274 61.03448275862069 0.0 0.0 0.0
2.7894736842105265 80.91572189862119 5.0 24.413793103448274 61.03448275862069 0.0 0.0 0.0
3.5526315789473686 80.09432687833826 5.0 24.413793103448274 61.03448275862069 0.0 0.0 0.0
4.315789473684211 80.3229096933629 5.0 24.413793103448274 61.03448275862069 0.0 0.0 0.0
5.078947368421053 82.97623790148764 5.0 24.413793103448274 61.03448275862069 0.0 0.0 0.0
5.842105263157895 82.47564253791982 5.0 24.413793103448274 61.03448275862069 0.0 0.0 0.0
6.605263157894737 82.61750817961556 5.0 24.413793103448274 61.03448275862069 0.0 0.0 0.0
7.36842105263158 82.67177335385124 5.0 24.413793103448274 61.03448275862069 0.0 0.0 0.0
8.131578947368421 87.80425314743897 5.0 24.413793103448274 61.03448275862069 0.0 0.0 0.0
8.894736842105264 80.16006529567375 5.0 24.413793103448274 61.03448275862069 0.0 0.0 0.0
9.657894736842106 79.84258215761298 5.0 24.413793103448274 61.03448275862069 0.0 0.0 0.0
10.421052631578949 78.93799216008395 5.0 24.413793103448274 61.03448275862069 0.0 0.0 0.0
11.18421052631579 83.22724861255408 5.0 24.413793103448274 61.03448275862069 0.0 0.0 0.0
11.947368421052632 84.76622722299027 5.0 24.413793103448274 61.03448275862069 0.0 0.0 0.0
12.710526315789474 81.03746797186297 5.0 24.413793103448274 61.03448275862069 0.0 0.0 0.0
13.473684210526317 78.85884091394 5.0 24.413793103448274 61.03448275862069 0.0 0.0 0.0
14.23684210526316 78.90586669775386 5.0 24.413793103448274 61.03448275862069 0.0 0.0 0.0
15.0 83.33108870830169 5.0 24.413793103448274 61.03448275862069 0.0 0.0 0.0
