0.5 88.13913247192359 5.0 27.31034482758621 68.27586206896552 0.0 0.0 0.0
1.263157894736842 88.85880456501344 5.0 27.31034482758621 68.27586206896552 0.0 0.0 0.0
2.026315789473684 97.41989195592619 5.0 27.31034482758621 68.27586206896552 0.0 0.0 0.0
2.7894736842105265 88.57032272094754 5.0 27.31034482758621 68.27586206896552 0.0 0.0 0.0
3.5526315789473686 93.54995036982973 5.0 27.31034482758621 68.27586206896552 0.0 0.0 0.0
4.315789473684211 88.32570122435962 5.0 27.31034482758621 68.27586206896552 0.0 0.0 0.0
5.078947368421053 93.82920179724343 5.0 27.31034482758621 68.27586206896552 0.0 0.0 0.0
5.842105263157895 92.18933565693828 5.0 27.31034482758621 68.27586206896552 0.0 0.0 0.0
6.605263157894737 90.56456906564642 5.0 27.31034482758621 68.27586206896552 0.0 0.0 0.0
7.36842105263158 90.9121951802144 5.0 27.31034482758621 68.27586206896552 0.0 0.0 0.0
8.131578947368421 89.07011967233252 5.0 27.31034482758621 68.27586206896552 0.0 0.0 0.0
8.894736842105264 92.37269936306694 5.0 27.31034482758621 68.27586206896552 0.0 0.0 0.0
9.657894736842106 89.66953231759835 5.0 27.31034482758621 68.27586206896552 0.0 0.0 0.0
10.421052631578949 87.35766546731895 5.0 27.31034482758621 68.27586206896552 0.0 0.0 0.0
11.18421052631579 87.20067003566184 5.0 27.31034482758621 68.27586206896552 0.0 0.0 0.0
11.947368421052632 91.55224651178706 5.0 27.31034482758621 68.27586206896552 0.0 0.0 0.0
12.710526315789474 95.771756527852 5.0 27.31034482758621 68.27586206896552 0.0 0.0 0.0
13.473684210526317 91.51445759934101 5.0 27.31034482758621 68.27586206896552 0.0 0.0 0.0
14.23684210526316 90.67856778029105 5.0 27.31034482758621 68.27586206896552 0.0 0.0 0.0
15.0 91.89196117742833 5.0 27.31034482758621 68.27586206896552 0.0 0.0 0.0
