0.5 104.41601654449437 5.0 30.620689655172413 76.55172413793103 0.0 0.0 0.0
1.263157894736842 101.4970123447259 5.0 30.620689655172413 76.55172413793103 0.0 0.0 0.0
2.026315789473684 105.58270679764334 5.0 30.620689655172413 76.55172413793103 0.0 0.0 0.0
2.7894736842105265 104.32157248343516 5.0 30.620689655172413 76.55172413793103 0.0 0.0 0.0
3.5526315789473686 107.53090399018178 5.0 30.620689655172413 76.55172413793103 0.0 0.0 0.0
4.315789473684211 104.26128959065731 5.0 30.620689655172413 76.55172413793103 0.0 0.0 0.0
5.078947368421053 97.35284475028166 5.0 30.620689655172413 76.55172413793103 0.0 0.0 0.0
5.842105263157895 101.86810599854678 5.0 30.620689655172413 76.55172413793103 0.0 0.0 0.0
6.605263157894737 98.55294393945694 5.0 30.620689655172413 76.55172413793103 0.0 0.0 0.0
7.36842105263158 100.51412599014256 5.0 30.620689655172413 76.55172413793103 0.0 0.0 0.0
8.131578947368421 106.60265081707155 5.0 30.620689655172413 76.55172413793103 0.0 0.0 0.0
8.894736842105264 103.98156694993448 5.0 30.620689655172413 76.55172413793103 0.0 0.0 0.0
9.657894736842106 99.97217423150514 5.0 30.620689655172413 76.55172413793103 0.0 0.0 0.0
10.421052631578949 99.02781341792019 5.0 30.620689655172413 76.55172413793103 0.0 0.0 0.0
11.18421052631579 102.16731179587016 5.0 30.620689655172413 76.55172413793103 0.0 0.0 0.0
11.947368421052632 98.419285069098 5.0 30.620689655172413 76.55172413793103 0.0 0.0 0.0
12.710526315789474 100.05554468505164 5.0 30.620689655172413 76.55172413793103 0.0 0.0 0.0
13.473684210526317 103.00499393189511 5.0 30.620689655172413 76.55172413793103 0.0 0.0 0.0
14.23684210526316 105.53490162556147 5.0 30.620689655172413 76.55172413793103 0.0 0.0 0.0
15.0 103.8952499339147 5.0 30.620689655172413 76.55172413793103 0.0 0.0 0.0
