0.5 105.87170581490635 5.0 30.206896551724135 75.51724137931035 0.0 0.0 0.0
1.263157894736842 96.08807095766538 5.0 30.206896551724135 75.51724137931035 0.0 0.0 0.0
2.026315789473684 103.28113921350835 5.0 30.206896551724135 75.51724137931035 0.0 0.0 0.0
2.7894736842105265 99.70407950304511 5.0 30.206896551724135 75.51724137931035 0.0 0.0 0.0
3.5526315789473686 100.50568213492726 5.0 30.206896551724135 75.51724137931035 0.0 0.0 0.0
4.315789473684211 97.53095964030194 5.0 30.206896551724135 75.51724137931035 0.0 0.0 0.0
5.078947368421053 99.68628665534617 5.0 30.206896551724135 75.51724137931035 0.0 0.0 0.0
5.842105263157895 104.58978895651067 5.0 30.206896551724135 75.51724137931035 0.0 0.0 0.0
6.605263157894737 102.43762089837692 5.0 30.206896551724135 75.51724137931035 0.0 0.0 0.0
7.36842105263158 105.88658998864362 5.0 30.206896551724135 75.51724137931035 0.0 0.0 0.0
8.131578947368421 104.22189083934687 5.0 30.206896551724135 75.51724137931035 0.0 0.0 0.0
8.894736842105264 102.00691520920252 5.0 30.206896551724135 75.51724137931035 0.0 0.0 0.0
9.657894736842106 105.92145875091717 5.0 30.206896551724135 75.51724137931035 0.0 0.0 0.0
10.421052631578949 102.00663464862869 5.0 30.206896551724135 75.51724137931035 0.0 0.0 0.0
11.18421052631579 103.17361970280497 5.0 30.206896551724135 75.51724137931035 0.0 0.0 0.0
11.947368421052632 99.79994231180967 5.0 30.206896551724135 75.51724137931035 0.0 0.0 0.0
12.710526315789474 100.88929261999141 5.0 30.206896551724135 75.51724137931035 0.0 0.0 0.0
13.473684210526317 98.59738370251296 5.0 30.206896551724135 75.51724137931035 0.0 0.0 0.0
14.23684210526316 103.65840697619835 5.0 30.206896551724135 75.51724137931035 0.0 0.0 0.0
15.0 97.1547443030692 5.0 30.206896551724135 75.51724137931035 0.0 0.0 0.0
