0.5 100.75077503776104 5.0 29.79310344827586 74.48275862068965 0.0 0.0 0.0
1.263157894736842 94.07658686666363 5.0 29.79310344827586 74.48275862068965 0.0 0.0 0.0
2.026315789473684 102.09266027226074 5.0 29.79310344827586 74.48275862068965 0.0 0.0 0.0
2.7894736842105265 100.67360584222929 5.0 29.79310344827586 74.48275862068965 0.0 0.0 0.0
3.5526315789473686 95.97905277434278 5.0 29.79310344827586 74.48275862068965 0.0 0.0 0.0
4.315789473684211 97.89577040523636 5.0 29.79310344827586 74.48275862068965 0.0 0.0 0.0
5.078947368421053 100.10149644065577 5.0 29.79310344827586 74.48275862068965 0.0 0.0 0.0
5.842105263157895 99.46774522265494 5.0 29.79310344827586 74.48275862068965 0.0 0.0 0.0
6.605263157894737 98.43383127017555 5.0 29.79310344827586 74.48275862068965 0.0 0.0 0.0
7.36842105263158 98.99988002338833 5.0 29.79310344827586 74.48275862068965 0.0 0.0 0.0
8.131578947368421 98.55441269296556 5.0 29.79310344827586 74.48275862068965 0.0 0.0 0.0
8.894736842105264 99.76803236389361 5.0 29.79310344827586 74.48275862068965 0.0 0.0 0.0
9.657894736842106 103.72482074656568 5.0 29.79310344827586 74.48275862068965 0.0 0.0 0.0
10.421052631578949 91.61036950479232 5.0 29.79310344827586 74.48275862068965 0.0 0.0 0.0
11.18421052631579 98.59979403405715 5.0 29.79310344827586 74.48275862068965 0.0 0.0 0.0
11.947368421052632 99.83988209170354 5.0 29.79310344827586 74.48275862068965 0.0 0.0 0.0
12.710526315789474 100.1983267966475 5.0 29.79310344827586 74.48275862068965 0.0 0.0 0.0
13.473684210526317 98.19460108362233 5.0 29.79310344827586 74.48275862068965 0.0 0.0 0.0
14.23684210526316 94.04017948015046 5.0 29.79310344827586 74.48275862068965 0.0 0.0 0.0
15.0 100.29433127872854 5.0 29.79310344827586 74.48275862068965 0.0 0.0 0.0
