0.5 104.37001860953949 5.0 31.448275862068964 78.62068965517241 0.0 0.0 0.0
1.263157894736842 105.97776779995704 5.0 31.448275862068964 78.62068965517241 0.0 0.0 0.0
2.026315789473684 107.82705894762744 5.0 31.448275862068964 78.62068965517241 0.0 0.0 0.0
2.7894736842105265 101.65197796096133 5.0 31.448275862068964 78.62068965517241 0.0 0.0 0.0
3.5526315789473686 104.45255911593782 5.0 31.448275862068964 78.62068965517241 0.0 0.0 0.0
4.315789473684211 109.27195284987347 5.0 31.448275862068964 78.62068965517241 0.0 0.0 0.0
5.078947368421053 102.59682152045886 5.0 31.448275862068964 78.62068965517241 0.0 0.0 0.0
5.842105263157895 102.3608361550256 5.0 31.448275862068964 78.62068965517241 0.0 0.0 0.0
6.605263157894737 105.43450478239014 5.0 31.448275862068964 78.62068965517241 0.0 0.0 0.0
7.36842105263158 107.36074177835252 5.0 31.448275862068964 78.62068965517241 0.0 0.0 0.0
8.131578947368421 104.86186437357853 5.0 31.448275862068964 78.62068965517241 0.0 0.0 0.0
8.894736842105264 108.81446797820752 5.0 31.448275862068964 78.62068965517241 0.0 0.0 0.0
9.657894736842106 107.39796815459613 5.0 31.448275862068964 78.62068965517241 0.0 0.0 0.0
10.421052631578949 107.35304640756674 5.0 31.448275862068964 78.62068965517241 0.0 0.0 0.0
11.18421052631579 106.48993571086883 5.0 31.448275862068964 78.62068965517241 0.0 0.0 0.0
11.947368421052632 111.8105455079348 5.0 31.448275862068964 78.62068965517241 0.0 0.0 0.0
12.710526315789474 104.21210114029843 5.0 31.448275862068964 78.62068965517241 0.0 0.0 0.0
13.473684210526317 98.81701933069701 5.0 31.448275862068964 78.62068965517241 0.0 0.0 0.0
14.23684210526316 109.64034929144798 5.0 31.448275862068964 78.62068965517241 0.0 0.0 0.0
15.0 103.45448791402607 5.0 31.448275862068964 78.62068965517241 0.0 0.0 0.0
