0.5 93.92114180342827 5.0 28.96551724137931 72.41379310344827 0.0 0.0 0.0
1.263157894736842 96.26893647517336 5.0 28.96551724137931 72.41379310344827 0.0 0.0 0.0
2.026315789473684 91.27853896386114 5.0 28.96551724137931 72.41379310344827 0.0 0.0 0.0
2.7894736842105265 92.15058840175806 5.0 28.96551724137931 72.41379310344827 0.0 0.0 0.0
3.5526315789473686 102.93946547401593 5.0 28.96551724137931 72.41379310344827 0.0 0.0 0.0
4.315789473684211 92.68945639410894 5.0 28.96551724137931 72.41379310344827 0.0 0.0 0.0
5.078947368421053 93.26136740256712 5.0 28.96551724137931 72.41379310344827 0.0 0.0 0.0
5.842105263157895 102.06246472289497 5.0 28.96551724137931 72.41379310344827 0.0 0.0 0.0
6.605263157894737 105.26692564565225 5.0 28.96551724137931 72.41379310344827 0.0 0.0 0.0
7.36842105263158 93.03702425145501 5.0 28.96551724137931 72.41379310344827 0.0 0.0 0.0
8.131578947368421 95.44697726756694 5.0 28.96551724137931 72.41379310344827 0.0 0.0 0.0
8.894736842105264 97.57639079075255 5.0 28.96551724137931 72.41379310344827 0.0 0.0 0.0
9.657894736842106 101.73781707114782 5.0 28.96551724137931 72.41379310344827 0.0 0.0 0.0
10.421052631578949 93.59115290264631 5.0 28.96551724137931 72.41379310344827 0.0 0.0 0.0
11.18421052631579 95.81589060010471 5.0 28.96551724137931 72.41379310344827 0.0 0.0 0.0
11.947368421052632 98.88373686611627 5.0 28.96551724137931 72.41379310344827 0.0 0.0 0.0
12.710526315789474 97.85602236133089 5.0 28.96551724137931 72.41379310344827 0.0 0.0 0.0
13.473684210526317 95.42325592424073 5.0 28.96551724137931 72.41379310344827 0.0 0.0 0.0
14.23684210526316 96.1502552443829 5.0 28.96551724137931 72.41379310344827 0.0 0.0 0.0
15.0 92.42703671282109 5.0 28.96551724137931 72.41379310344827 0.0 0.0 0.0
