0.5 94.50083734246195 5.0 28.551724137931032 71.37931034482759 0.0 0.0 0.0
1.263157894736842 95.89990416691711 5.0 28.551724137931032 71.37931034482759 0.0 0.0 0.0
2.026315789473684 95.70213386846457 5.0 28.551724137931032 71.37931034482759 0.0 0.0 0.0
2.7894736842105265 91.91924957640335 5.0 28.551724137931032 71.37931034482759 0.0 0.0 0.0
3.5526315789473686 95.44388313798707 5.0 28.551724137931032 71.37931034482759 0.0 0.0 0.0
4.315789473684211 95.85709878352016 5.0 28.551724137931032 71.37931034482759 0.0 0.0 0.0
5.078947368421053 102.7248359057052 5.0 28.551724137931032 71.37931034482759 0.0 0.0 0.0
5.842105263157895 100.80294762694845 5.0 28.551724137931032 71.37931034482759 0.0 0.0 0.0
6.605263157894737 92.61268374142699 5.0 28.551724137931032 71.37931034482759 0.0 0.0 0.0
7.36842105263158 94.31026370845592 5.0 28.551724137931032 71.37931034482759 0.0 0.0 0.0
8.131578947368421 90.78208778759243 5.0 28.551724137931032 71.37931034482759 0.0 0.0 0.0
8.894736842105264 93.40029275121299 5.0 28.551724137931032 71.37931034482759 0.0 0.0 0.0
9.657894736842106 96.11922880387446 5.0 28.551724137931032 71.37931034482759 0.0 0.0 0.0
10.421052631578949 98.78997465576815 5.0 28.551724137931032 71.37931034482759 0.0 0.0 0.0
11.18421052631579 92.98516227987263 5.0 28.551724137931032 71.37931034482759 0.0 0.0 0.0
11.947368421052632 93.20997447290006 5.0 28.551724137931032 71.37931034482759 0.0 0.0 0.0
12.710526315789474 88.73054670388748 5.0 28.551724137931032 71.37931034482759 0.0 0.0 0.0
13.473684210526317 94.68441603146873 5.0 28.551724137931032 71.37931034482759 0.0 0.0 0.0
14.23684210526316 91.98517055752475 5.0 28.551724137931032 71.37931034482759 0.0 0.0 0.0
15.0 93.58409551100522 5.0 28.551724137931032 71.37931034482759 0.0 0.0 0.0
