0.5 94.80582709467267 5.0 28.137931034482758 70.34482758620689 0.0 0.0 0.0
1.263157894736842 98.01554903221701 5.0 28.137931034482758 70.34482758620689 0.0 0.0 0.0
2.026315789473684 94.06485816898109 5.0 28.137931034482758 70.34482758620689 0.0 0.0 0.0
2.7894736842105265 95.72491982810644 5.0 28.137931034482758 70.34482758620689 0.0 0.0 0.0
3.5526315789473686 87.64258714518279 5.0 28.137931034482758 70.34482758620689 0.0 0.0 0.0
4.315789473684211 93.64694824248551 5.0 28.137931034482758 70.34482758620689 0.0 0.0 0.0
5.078947368421053 91.26341263739724 5.0 28.137931034482758 70.34482758620689 0.0 0.0 0.0
5.842105263157895 90.13666426700497 5.0 28.137931034482758 70.34482758620689 0.0 0.0 0.0
6.605263157894737 91.15864634748961 5.0 28.137931034482758 70.34482758620689 0.0 0.0 0.0
7.36842105263158 92.79073312617342 5.0 28.137931034482758 70.34482758620689 0.0 0.0 0.0
8.131578947368421 96.5408110753439 5.0 28.137931034482758 70.34482758620689 0.0 0.0 0.0
8.894736842105264 89.81392529505716 5.0 28.137931034482758 70.34482758620689 0.0 0.0 0.0
9.657894736842106 93.88499792605911 5.0 28.137931034482758 70.34482758620689 0.0 0.0 0.0
10.421052631578949 92.34059514827513 5.0 28.137931034482758 70.34482758620689 0.0 0.0 0.0
11.18421052631579 92.81008416518998 5.0 28.137931034482758 70.34482758620689 0.0 0.0 0.0
11.947368421052632 96.80137692418967 5.0 28.137931034482758 70.34482758620689 0.0 0.0 0.0
12.710526315789474 95.40744975928763 5.0 28.137931034482758 70.34482758620689 0.0 0.0 0.0
13.473684210526317 97.80529777060408 5.0 28.137931034482758 70.34482758620689 0.0 0.0 0.0
14.23684210526316 93.32958641052616 5.0 28.137931034482758 70.34482758620689 0.0 0.0 0.0
15.0 91.70527561326375 5.0 28.137931034482758 70.34482758620689 0.0 0.0 0.0
