0.5 106.53053788475324 5.0 31.862068965517242 79.65517241379311 0.0 0.0 0.0
1.263157894736842 110.13554860630572 5.0 31.862068965517242 79.65517241379311 0.0 0.0 0.0
2.026315789473684 101.40011792854736 5.0 31.862068965517242 79.65517241379311 0.0 0.0 0.0
2.7894736842105265 102.45195490940573 5.0 31.862068965517242 79.65517241379311 0.0 0.0 0.0
3.5526315789473686 101.40306274036757 5.0 31.862068965517242 79.65517241379311 0.0 0.0 0.0
4.315789473684211 103.82448768164787 5.0 31.862068965517242 79.65517241379311 0.0 0.0 0.0
5.078947368421053 107.52580636977513 5.0 31.862068965517242 79.65517241379311 0.0 0.0 0.0
5.842105263157895 107.77946008016245 5.0 31.862068965517242 79.65517241379311 0.0 0.0 0.0
6.605263157894737 107.0357190897098 5.0 31.862068965517242 79.65517241379311 0.0 0.0 0.0
7.36842105263158 101.96859890004704 5.0 31.862068965517242 79.65517241379311 0.0 0.0 0.0
8.131578947368421 99.27658624182621 5.0 31.862068965517242 79.65517241379311 0.0 0.0 0.0
8.894736842105264 106.36995730789529 5.0 31.862068965517242 79.65517241379311 0.0 0.0 0.0
9.657894736842106 104.79156845080914 5.0 31.862068965517242 79.65517241379311 0.0 0.0 0.0
10.421052631578949 107.58505386687398 5.0 31.862068965517242 79.65517241379311 0.0 0.0 0.0
11.18421052631579 108.31275743038795 5.0 31.862068965517242 79.65517241379311 0.0 0.0 0.0
11.947368421052632 106.62162084790019 5.0 31.862068965517242 79.65517241379311 0.0 0.0 0.0
12.710526315789474 108.48729580785171 5.0 31.862068965517242 79.65517241379311 0.0 0.0 0.0
13.473684210526317 106.89453067406934 5.0 31.862068965517242 79.65517241379311 0.0 0.0 0.0
14.23684210526316 107.79709066852854 5.0 31.862068965517242 79.65517241379311 0.0 0.0 0.0
15.0 104.09287676311449 5.0 31.862068965517242 79.65517241379311 0.0 0.0 0.0
