0.5 112.18197485664253 5.0 35.172413793103445 87.93103448275862 0.0 0.0 0.0
1.263157894736842 114.76269091125297 5.0 35.172413793103445 87.93103448275862 0.0 0.0 0.0
2.026315789473684 117.98437701367166 5.0 35.172413793103445 87.93103448275862 0.0 0.0 0.0
2.7894736842105265 116.70369943399557 5.0 35.172413793103445 87.93103448275862 0.0 0.0 0.0
3.5526315789473686 116.48124660350078 5.0 35.172413793103445 87.93103448275862 0.0 0.0 0.0
4.315789473684211 116.76382469620464 5.0 35.172413793103445 87.93103448275862 0.0 0.0 0.0
5.078947368421053 117.85154403220466 5.0 35.172413793103445 87.93103448275862 0.0 0.0 0.0
5.842105263157895 114.2157711845155 5.0 35.172413793103445 87.93103448275862 0.0 0.0 0.0
6.605263157894737 119.36192823304198 5.0 35.172413793103445 87.93103448275862 0.0 0.0 0.0
7.36842105263158 119.22937722150128 5.0 35.172413793103445 87.93103448275862 0.0 0.0 0.0
8.131578947368421 118.39649312331314 5.0 35.172413793103445 87.93103448275862 0.0 0.0 0.0
8.894736842105264 118.91097963859862 5.0 35.172413793103445 87.93103448275862 0.0 0.0 0.0
9.657894736842106 118.1306333127708 5.0 35.172413793103445 87.93103448275862 0.0 0.0 0.0
10.421052631578949 123.34659921853803 5.0 35.172413793103445 87.93103448275862 0.0 0.0 0.0
11.18421052631579 116.9800967971873 5.0 35.172413793103445 87.93103448275862 0.0 0.0 0.0
11.947368421052632 116.32012965534109 5.0 35.172413793103445 87.93103448275862 0.0 0.0 0.0
12.710526315789474 114.9807965692727 5.0 35.172413793103445 87.93103448275862 0.0 0.0 0.0
13.473684210526317 114.14459129861132 5.0 35.172413793103445 87.93103448275862 0.0 0.0 0.0
14.23684210526316 113.5079639475416 5.0 35.172413793103445 87.93103448275862 0.0 0.0 0.0
15.0 114.57498737065207 5.0 35.172413793103445 87.93103448275862 0.0 0.0 0.0
