0.5 112.951620406563 5.0 34.75862068965517 86.89655172413794 0.0 0.0 0.0
1.263157894736842 113.19898199837355 5.0 34.75862068965517 86.89655172413794 0.0 0.0 0.0
2.026315789473684 119.86942197447794 5.0 34.75862068965517 86.89655172413794 0.0 0.0 0.0
2.7894736842105265 115.28803700543206 5.0 34.75862068965517 86.89655172413794 0.0 0.0 0.0
3.5526315789473686 120.07353314171691 5.0 34.75862068965517 86.89655172413794 0.0 0.0 0.0
4.315789473684211 114.53446182984068 5.0 34.75862068965517 86.89655172413794 0.0 0.0 0.0
5.078947368421053 120.22720569432937 5.0 34.75862068965517 86.89655172413794 0.0 0.0 0.0
5.842105263157895 116.25652641593359 5.0 34.75862068965517 86.89655172413794 0.0 0.0 0.0
6.605263157894737 116.63675543548533 5.0 34.75862068965517 86.89655172413794 0.0 0.0 0.0
7.36842105263158 120.55622303052695 5.0 34.75862068965517 86.89655172413794 0.0 0.0 0.0
8.131578947368421 114.77675753318472 5.0 34.75862068965517 86.89655172413794 0.0 0.0 0.0
8.894736842105264 113.03870267774236 5.0 34.75862068965517 86.89655172413794 0.0 0.0 0.0
9.657894736842106 114.51637634143218 5.0 34.75862068965517 86.89655172413794 0.0 0.0 0.0
10.421052631578949 117.21907081744665 5.0 34.75862068965517 86.89655172413794 0.0 0.0 0.0
11.18421052631579 111.16479174897569 5.0 34.75862068965517 86.89655172413794 0.0 0.0 0.0
11.947368421052632 117.7744816734706 5.0 34.75862068965517 86.89655172413794 0.0 0.0 0.0
12.710526315789474 114.245755012664 5.0 34.75862068965517 86.89655172413794 0.0 0.0 0.0
13.473684210526317 119.30550694771793 5.0 34.75862068965517 86.89655172413794 0.0 0.0 0.0
14.23684210526316 108.67928805081583 5.0 34.75862068965517 86.89655172413794 0.0 0.0 0.0
15.0 113.50237164020473 5.0 34.75862068965517 86.89655172413794 0.0 0.0 0.0
