0.5 109.77709456339767 5.0 33.103448275862064 82.75862068965517 0.0 0.0 0.0
1.263157894736842 111.33081359305433 5.0 33.103448275862064 82.75862068965517 0.0 0.0 0.0
2.026315789473684 111.43059314799342 5.0 33.103448275862064 82.75862068965517 0.0 0.0 0.0
2.7894736842105265 114.30681255279138 5.0 33.103448275862064 82.75862068965517 0.0 0.0 0.0
3.5526315789473686 109.31646913361375 5.0 33.103448275862064 82.75862068965517 0.0 0.0 0.0
4.315789473684211 105.9142541356697 5.0 33.103448275862064 82.75862068965517 0.0 0.0 0.0
5.078947368421053 113.54649483592284 5.0 33.103448275862064 82.75862068965517 0.0 0.0 0.0
5.842105263157895 109.35036306991512 5.0 33.103448275862064 82.75862068965517 0.0 0.0 0.0
6.605263157894737 113.68860491993902 5.0 33.103448275862064 82.75862068965517 0.0 0.0 0.0
7.36842105263158 111.4949589257543 5.0 33.103448275862064 82.75862068965517 0.0 0.0 0.0
8.131578947368421 109.95141499559685 5.0 33.103448275862064 82.75862068965517 0.0 0.0 0.0
8.894736842105264 111.39115526834577 5.0 33.103448275862064 82.75862068965517 0.0 0.0 0.0
9.657894736842106 116.1978652665858 5.0 33.103448275862064 82.75862068965517 0.0 0.0 0.0
10.421052631578949 116.57576917336814 5.0 33.103448275862064 82.75862068965517 0.0 0.0 0.0
11.18421052631579 110.55297099160522 5.0 33.103448275862064 82.75862068965517 0.0 0.0 0.0
11.947368421052632 110.82539936615811 5.0 33.103448275862064 82.75862068965517 0.0 0.0 0.0
12.710526315789474 113.57354805860605 5.0 33.103448275862064 82.75862068965517 0.0 0.0 0.0
13.473684210526317 107.80784448790484 5.0 33.103448275862064 82.75862068965517 0.0 0.0 0.0
14.23684210526316 111.34403870406166 5.0 33.103448275862064 82.75862068965517 0.0 0.0 0.0
15.0 110.26723904234532 5.0 33.103448275862064 82.75862068965517 0.0 0.0 0.0
