0.5 112.77023410260037 5.0 36.0 90.0 0.0 0.0 0.0
1.263157894736842 116.530957019204 5.0 36.0 90.0 0.0 0.0 0.0
2.026315789473684 119.11866323954361 5.0 36.0 90.0 0.0 0.0 0.0
2.7894736842105265 116.78360093571942 5.0 36.0 90.0 0.0 0.0 0.0
3.5526315789473686 122.14318944789197 5.0 36.0 90.0 0.0 0.0 0.0
4.315789473684211 125.99188959224398 5.0 36.0 90.0 0.0 0.0 0.0
5.078947368421053 116.4701558417121 5.0 36.0 90.0 0.0 0.0 0.0
5.842105263157895 117.48760978774442 5.0 36.0 90.0 0.0 0.0 0.0
6.605263157894737 120.7063451049298 5.0 36.0 90.0 0.0 0.0 0.0
7.36842105263158 124.83334844549886 5.0 36.0 90.0 0.0 0.0 0.0
8.131578947368421 116.33287706238029 5.0 36.0 90.0 0.0 0.0 0.0
8.894736842105264 120.74710836692083 5.0 36.0 90.0 0.0 0.0 0.0
9.657894736842106 125.46389655243932 5.0 36.0 90.0 0.0 0.0 0.0
10.421052631578949 115.0447225554622 5.0 36.0 90.0 0.0 0.0 0.0
11.18421052631579 116.1567923794625 5.0 36.0 90.0 0.0 0.0 0.0
11.947368421052632 118.72918018061749 5.0 36.0 90.0 0.0 0.0 0.0
12.710526315789474 118.43823476143376 5.0 36.0 90.0 0.0 0.0 0.0
13.473684210526317 122.43780386326094 5.0 36.0 90.0 0.0 0.0 0.0
14.23684210526316 120.72497915946252 5.0 36.0 90.0 0.0 0.0 0.0
15.0 114.67511382107361 5.0 36.0 90.0 0.0 0.0 0.0
