0.5 118.57434531013138 5.0 34.3448275862069 85.86206896551724 0.0 0.0 0.0
1.263157894736842 117.16831356660471 5.0 34.3448275862069 85.86206896551724 0.0 0.0 0.0
2.026315789473684 112.32431792083528 5.0 34.3448275862069 85.86206896551724 0.0 0.0 0.0
2.7894736842105265 109.97524825256696 5.0 34.3448275862069 85.86206896551724 0.0 0.0 0.0
3.5526315789473686 105.5891721071647 5.0 34.3448275862069 85.86206896551724 0.0 0.0 0.0
4.315789473684211 112.85227209689175 5.0 34.3448275862069 85.86206896551724 0.0 0.0 0.0
5.078947368421053 121.74400365743186 5.0 34.3448275862069 85.86206896551724 0.0 0.0 0.0
5.842105263157895 115.7874114350806 5.0 34.3448275862069 85.86206896551724 0.0 0.0 0.0
6.605263157894737 112.80404176254119 5.0 34.3448275862069 85.86206896551724 0.0 0.0 0.0
7.36842105263158 115.87799924919057 5.0 34.3448275862069 85.86206896551724 0.0 0.0 0.0
8.131578947368421 109.79988356170632 5.0 34.3448275862069 85.86206896551724 0.0 0.0 0.0
8.894736842105264 113.59078853259675 5.0 34.3448275862069 85.86206896551724 0.0 0.0 0.0
9.657894736842106 114.78119103973687 5.0 34.3448275862069 85.86206896551724 0.0 0.0 0.0
10.421052631578949 114.22445666522651 5.0 34.3448275862069 85.86206896551724 0.0 0.0 0.0
11.18421052631579 116.8551769857599 5.0 34.3448275862069 85.86206896551724 0.0 0.0 0.0
11.947368421052632 115.51669429939781 5.0 34.3448275862069 85.86206896551724 0.0 0.0 0.0
12.710526315789474 116.48773667501364 5.0 34.3448275862069 85.86206896551724 0.0 0.0 0.0
13.473684210526317 112.41764177399737 5.0 34.3448275862069 85.86206896551724 0.0 0.0 0.0
14.23684210526316 117.17620484592129 5.0 34.3448275862069 85.86206896551724 0.0 0.0 0.0
15.0 119.36956946356163 5.0 34.3448275862069 85.86206896551724 0.0 0.0 0.0
