0.5 107.04737265505736 5.0 32.275862068965516 80.6896551724138 0.0 0.0 0.0
1.263157894736842 108.1765351865226 5.0 32.275862068965516 80.6896551724138 0.0 0.0 0.0
2.026315789473684 110.04779232280399 5.0 32.275862068965516 80.6896551724138 0.0 0.0 0.0
2.7894736842105265 106.40498337987802 5.0 32.275862068965516 80.6896551724138 0.0 0.0 0.0
3.5526315789473686 109.14970866374807 5.0 32.275862068965516 80.6896551724138 0.0 0.0 0.0
4.315789473684211 106.78869052080559 5.0 32.275862068965516 80.6896551724138 0.0 0.0 0.0
5.078947368421053 107.23358039456734 5.0 32.275862068965516 80.6896551724138 0.0 0.0 0.0
5.842105263157895 110.07476402262395 5.0 32.275862068965516 80.6896551724138 0.0 0.0 0.0
6.605263157894737 101.60702578338926 5.0 32.275862068965516 80.6896551724138 0.0 0.0 0.0
7.36842105263158 103.69678991232745 5.0 32.275862068965516 80.6896551724138 0.0 0.0 0.0
8.131578947368421 103.13965070422327 5.0 32.275862068965516 80.6896551724138 0.0 0.0 0.0
8.894736842105264 100.58535853700681 5.0 32.275862068965516 80.6896551724138 0.0 0.0 0.0
9.657894736842106 105.5514135760862 5.0 32.275862068965516 80.6896551724138 0.0 0.0 0.0
10.421052631578949 109.83450859573495 5.0 32.275862068965516 80.6896551724138 0.0 0.0 0.0
11.18421052631579 106.73155469740401 5.0 32.275862068965516 80.6896551724138 0.0 0.0 0.0
11.947368421052632 108.17957714237728 5.0 32.275862068965516 80.6896551724138 0.0 0.0 0.0
12.710526315789474 110.8538593866841 5.0 32.275862068965516 80.6896551724138 0.0 0.0 0.0
13.473684210526317 111.5692652933548 5.0 32.275862068965516 80.6896551724138 0.0 0.0 0.0
14.23684210526316 107.37879309237331 5.0 32.275862068965516 80.6896551724138 0.0 0.0 0.0
15.0 111.64696456525992 5.0 32.275862068965516 80.6896551724138 0.0 0.0 0.0
