0.5 109.24189721668165 5.0 32.689655172413794 81.72413793103449 0.0 0.0 0.0
1.263157894736842 106.45332256989693 5.0 32.689655172413794 81.72413793103449 0.0 0.0 0.0
2.026315789473684 107.1823161847831 5.0 32.689655172413794 81.72413793103449 0.0 0.0 0.0
2.7894736842105265 104.52390770368427 5.0 32.689655172413794 81.72413793103449 0.0 0.0 0.0
3.5526315789473686 106.30111568017836 5.0 32.689655172413794 81.72413793103449 0.0 0.0 0.0
4.315789473684211 107.89146717715603 5.0 32.689655172413794 81.72413793103449 0.0 0.0 0.0
5.078947368421053 111.37627229951512 5.0 32.689655172413794 81.72413793103449 0.0 0.0 0.0
5.842105263157895 114.12782673487727 5.0 32.689655172413794 81.72413793103449 0.0 0.0 0.0
6.605263157894737 104.81897269524819 5.0 32.689655172413794 81.72413793103449 0.0 0.0 0.0
7.36842105263158 110.14399964615907 5.0 32.689655172413794 81.72413793103449 0.0 0.0 0.0
8.131578947368421 105.84388542390671 5.0 32.689655172413794 81.72413793103449 0.0 0.0 0.0
8.894736842105264 110.38960850676892 5.0 32.689655172413794 81.72413793103449 0.0 0.0 0.0
9.657894736842106 108.57225728931614 5.0 32.689655172413794 81.72413793103449 0.0 0.0 0.0
10.421052631578949 103.47279976383672 5.0 32.689655172413794 81.72413793103449 0.0 0.0 0.0
11.18421052631579 111.75040821608476 5.0 32.689655172413794 81.72413793103449 0.0 0.0 0.0
11.947368421052632 107.15051510295312 5.0 32.689655172413794 81.72413793103449 0.0 0.0 0.0
12.710526315789474 107.36381652625866 5.0 32.689655172413794 81.72413793103449 0.0 0.0 0.0
13.473684210526317 105.75626000751025 5.0 32.689655172413794 81.72413793103449 0.0 0.0 0.0
14.23684210526316 107.00266741131665 5.0 32.689655172413794 81.72413793103449 0.0 0.0 0.0
15.0 110.24918856346407 5.0 32.689655172413794 81.72413793103449 0.0 0.0 0.0
