0.5 113.77268750373788 5.0 33.93103448275862 84.82758620689654 0.0 0.0 0.0
1.263157894736842 117.40309179568058 5.0 33.93103448275862 84.82758620689654 0.0 0.0 0.0
2.026315789473684 113.37800881038169 5.0 33.93103448275862 84.82758620689654 0.0 0.0 0.0
2.7894736842105265 114.84577956185146 5.0 33.93103448275862 84.82758620689654 0.0 0.0 0.0
3.5526315789473686 112.93309869268398 5.0 33.93103448275862 84.82758620689654 0.0 0.0 0.0
4.315789473684211 112.59222553236945 5.0 33.93103448275862 84.82758620689654 0.0 0.0 0.0
5.078947368421053 110.76500108568581 5.0 33.93103448275862 84.82758620689654 0.0 0.0 0.0
5.842105263157895 114.39435235273473 5.0 33.93103448275862 84.82758620689654 0.0 0.0 0.0
6.605263157894737 110.54883670830476 5.0 33.93103448275862 84.82758620689654 0.0 0.0 0.0
7.36842105263158 115.10020398480235 5.0 33.93103448275862 84.82758620689654 0.0 0.0 0.0
8.131578947368421 116.3593092891998 5.0 33.93103448275862 84.82758620689654 0.0 0.0 0.0
8.894736842105264 114.20304249757375 5.0 33.93103448275862 84.82758620689654 0.0 0.0 0.0
9.657894736842106 112.244702075195 5.0 33.93103448275862 84.82758620689654 0.0 0.0 0.0
10.421052631578949 114.46534501378815 5.0 33.93103448275862 84.82758620689654 0.0 0.0 0.0
11.18421052631579 112.17742910922283 5.0 33.93103448275862 84.82758620689654 0.0 0.0 0.0
11.947368421052632 115.91008965225751 5.0 33.93103448275862 84.82758620689654 0.0 0.0 0.0
12.710526315789474 107.6092300232167 5.0 33.93103448275862 84.82758620689654 0.0 0.0 0.0
13.473684210526317 112.09662617150613 5.0 33.93103448275862 84.82758620689654 0.0 0.0 0.0
14.23684210526316 107.13101229049008 5.0 33.93103448275862 84.82758620689654 0.0 0.0 0.0
15.0 108.61826578518045 5.0 33.93103448275862 84.82758620689654 0.0 0.0 0.0
