0.5 112.66586256540714 5.0 33.51724137931034 83.79310344827586 0.0 0.0 0.0
1.263157894736842 109.22403151318626 5.0 33.51724137931034 83.79310344827586 0.0 0.0 0.0
2.026315789473684 106.95543545110758 5.0 33.51724137931034 83.79310344827586 0.0 0.0 0.0
2.7894736842105265 105.5051876230606 5.0 33.51724137931034 83.79310344827586 0.0 0.0 0.0
3.5526315789473686 108.37198559206566 5.0 33.51724137931034 83.79310344827586 0.0 0.0 0.0
4.315789473684211 110.34811207621648 5.0 33.51724137931034 83.79310344827586 0.0 0.0 0.0
5.078947368421053 110.8445631710882 5.0 33.51724137931034 83.79310344827586 0.0 0.0 0.0
5.842105263157895 117.53583141832303 5.0 33.51724137931034 83.79310344827586 0.0 0.0 0.0
6.605263157894737 115.04211804075638 5.0 33.51724137931034 83.79310344827586 0.0 0.0 0.0
7.36842105263158 108.8378645820096 5.0 33.51724137931034 83.79310344827586 0.0 0.0 0.0
8.131578947368421 112.76726328838734 5.0 33.51724137931034 83.79310344827586 0.0 0.0 0.0
8.894736842105264 110.5029032219835 5.0 33.51724137931034 83.79310344827586 0.0 0.0 0.0
9.657894736842106 110.8710464169142 5.0 33.51724137931034 83.79310344827586 0.0 0.0 0.0
10.421052631578949 112.28011487928062 5.0 33.51724137931034 83.79310344827586 0.0 0.0 0.0
11.18421052631579 113.58165128196066 5.0 33.51724137931034 83.79310344827586 0.0 0.0 0.0
11.947368421052632 110.70636247938243 5.0 33.51724137931034 83.79310344827586 0.0 0.0 0.0
12.710526315789474 114.91569252923755 5.0 33.51724137931034 83.79310344827586 0.0 0.0 0.0
13.473684210526317 108.29832325260726 5.0 33.51724137931034 83.79310344827586 0.0 0.0 0.0
14.23684210526316 111.74315511812128 5.0 33.51724137931034 83.79310344827586 0.0 0.0 0.0
15.0 119.51715911082198 5.0 33.51724137931034 83.79310344827586 0.0 0.0 0.0
