0.5 118.4086485102162 5.0 35.58620689655172 88.9655172413793 0.0 0.0 0.0
1.263157894736842 119.62357504066556 5.0 35.58620689655172 88.9655172413793 0.0 0.0 0.0
2.026315789473684 118.7741158308289 5.0 35.58620689655172 88.9655172413793 0.0 0.0 0.0
2.7894736842105265 116.32408382288327 5.0 35.58620689655172 88.9655172413793 0.0 0.0 0.0
3.5526315789473686 121.3212433472323 5.0 35.58620689655172 88.9655172413793 0.0 0.0 0.0
4.315789473684211 120.83892767207526 5.0 35.58620689655172 88.9655172413793 0.0 0.0 0.0
5.078947368421053 118.14174473290636 5.0 35.58620689655172 88.9655172413793 0.0 0.0 0.0
5.842105263157895 116.66194122117828 5.0 35.58620689655172 88.9655172413793 0.0 0.0 0.0
6.605263157894737 120.26597341766181 5.0 35.58620689655172 88.9655172413793 0.0 0.0 0.0
7.36842105263158 119.18461041763072 5.0 35.58620689655172 88.9655172413793 0.0 0.0 0.0
8.131578947368421 114.27630787692726 5.0 35.58620689655172 88.9655172413793 0.0 0.0 0.0
8.894736842105264 118.4167488872192 5.0 35.58620689655172 88.9655172413793 0.0 0.0 0.0
9.657894736842106 119.40679709139556 5.0 35.58620689655172 88.9655172413793 0.0 0.0 0.0
10.421052631578949 115.92160529570916 5.0 35.58620689655172 88.9655172413793 0.0 0.0 0.0
11.18421052631579 119.19021983368474 5.0 35.58620689655172 88.9655172413793 0.0 0.0 0.0
11.947368421052632 114.25622219939905 5.0 35.58620689655172 88.9655172413793 0.0 0.0 0.0
12.710526315789474 122.62924795520892 5.0 35.58620689655172 88.9655172413793 0.0 0.0 0.0
13.473684210526317 122.3645396103507 5.0 35.58620689655172 88.9655172413793 0.0 0.0 0.0
14.23684210526316 117.86313765226352 5.0 35.58620689655172 88.9655172413793 0.0 0.0 0.0
15.0 119.71105266868963 5.0 35.58620689655172 88.9655172413793 0.0 0.0 0.0
