0.5 133.63951211282608 5.0 40.13793103448276 100.3448275862069 0.0 0.0 0.0
1.263157894736842 133.55391475670544 5.0 40.13793103448276 100.3448275862069 0.0 0.0 0.0
2.026315789473684 139.1857869482098 5.0 40.13793103448276 100.3448275862069 0.0 0.0 0.0
2.7894736842105265 136.4757434338161 5.0 40.13793103448276 100.3448275862069 0.0 0.0 0.0
3.5526315789473686 133.82743976555028 5.0 40.13793103448276 100.3448275862069 0.0 0.0 0.0
4.315789473684211 134.5394653776791 5.0 40.13793103448276 100.3448275862069 0.0 0.0 0.0
5.078947368421053 133.92574058258847 5.0 40.13793103448276 100.3448275862069 0.0 0.0 0.0
5.842105263157895 133.18436149388924 5.0 40.13793103448276 100.3448275862069 0.0 0.0 0.0
6.605263157894737 130.54582185611102 5.0 40.13793103448276 100.3448275862069 0.0 0.0 0.0
7.36842105263158 133.33994781545508 5.0 40.13793103448276 100.3448275862069 0.0 0.0 0.0
8.131578947368421 131.55480867831832 5.0 40.13793103448276 100.3448275862069 0.0 0.0 0.0
8.894736842105264 130.04215683150645 5.0 40.13793103448276 100.3448275862069 0.0 0.0 0.0
9.657894736842106 135.32676889191848 5.0 40.13793103448276 100.3448275862069 0.0 0.0 0.0
10.421052631578949 134.96689742807558 5.0 40.13793103448276 100.3448275862069 0.0 0.0 0.0
11.18421052631579 128.43298091417165 5.0 40.13793103448276 100.3448275862069 0.0 0.0 0.0
11.947368421052632 133.4250495357905 5.0 40.13793103448276 100.3448275862069 0.0 0.0 0.0
12.710526315789474 136.78020760597565 5.0 40.13793103448276 100.3448275862069 0.0 0.0 0.0
13.473684210526317 136.97077466496484 5.0 40.13793103448276 100.3448275862069 0.0 0.0 0.0
14.23684210526316 136.8706139769316 5.0 40.13793103448276 100.3448275862069 0.0 0.0 0.0
15.0 133.90984306898025 5.0 40.13793103448276 100.3448275862069 0.0 0.0 0.0
