0.5 131.6147597439463 5.0 38.48275862068966 96.20689655172414 0.0 0.0 0.0
1.263157894736842 127.54068011539341 5.0 38.48275862068966 96.20689655172414 0.0 0.0 0.0
2.026315789473684 125.18342090815206 5.0 38.48275862068966 96.20689655172414 0.0 0.0 0.0
2.7894736842105265 128.10499844532492 5.0 38.48275862068966 96.20689655172414 0.0 0.0 0.0
3.5526315789473686 131.42338293328956 5.0 38.48275862068966 96.20689655172414 0.0 0.0 0.0
4.315789473684211 125.3479856206208 5.0 38.48275862068966 96.20689655172414 0.0 0.0 0.0
5.078947368421053 125.54413741720117 5.0 38.48275862068966 96.20689655172414 0.0 0.0 0.0
5.842105263157895 129.95150894678818 5.0 38.48275862068966 96.20689655172414 0.0 0.0 0.0
6.605263157894737 127.61125372177312 5.0 38.48275862068966 96.20689655172414 0.0 0.0 0.0
7.36842105263158 130.21831614109394 5.0 38.48275862068966 96.20689655172414 0.0 0.0 0.0
8.131578947368421 128.23492169357962 5.0 38.48275862068966 96.20689655172414 0.0 0.0 0.0
8.894736842105264 130.38085301323423 5.0 38.48275862068966 96.20689655172414 0.0 0.0 0.0
9.657894736842106 125.1706277268436 5.0 38.48275862068966 96.20689655172414 0.0 0.0 0.0
10.421052631578949 128.23960811660072 5.0 38.48275862068966 96.20689655172414 0.0 0.0 0.0
11.18421052631579 127.64379202587605 5.0 38.48275862068966 96.20689655172414 0.0 0.0 0.0
11.947368421052632 124.62818929665313 5.0 38.48275862068966 96.20689655172414 0.0 0.0 0.0
12.710526315789474 123.58542822535946 5.0 38.48275862068966 96.20689655172414 0.0 0.0 0.0
13.473684210526317 130.3331091747895 5.0 38.48275862068966 96.20689655172414 0.0 0.0 0.0
14.23684210526316 127.22300492231159 5.0 38.48275862068966 96.20689655172414 0.0 0.0 0.0
15.0 125.20902122402353 5.0 38.48275862068966 96.20689655172414 0.0 0.0 0.0
