0.5 134.03971895157522 5.0 39.310344827586206 98.27586206896552 0.0 0.0 0.0
1.263157894736842 134.5976580384065 5.0 39.310344827586206 98.27586206896552 0.0 0.0 0.0
2.026315789473684 127.97261370008069 5.0 39.310344827586206 98.27586206896552 0.0 0.0 0.0
2.7894736842105265 125.45497653898381 5.0 39.310344827586206 98.27586206896552 0.0 0.0 0.0
3.5526315789473686 131.3315872216423 5.0 39.310344827586206 98.27586206896552 0.0 0.0 0.0
4.315789473684211 133.82699743767228 5.0 39.310344827586206 98.27586206896552 0.0 0.0 0.0
5.078947368421053 136.42726632592365 5.0 39.310344827586206 98.27586206896552 0.0 0.0 0.0
5.842105263157895 132.58337547492505 5.0 39.310344827586206 98.27586206896552 0.0 0.0 0.0
6.605263157894737 129.9193326688636 5.0 39.310344827586206 98.27586206896552 0.0 0.0 0.0
7.36842105263158 128.3550908938661 5.0 39.310344827586206 98.27586206896552 0.0 0.0 0.0
8.131578947368421 131.06883663363266 5.0 39.310344827586206 98.27586206896552 0.0 0.0 0.0
8.894736842105264 130.13668864696493 5.0 39.310344827586206 98.27586206896552 0.0 0.0 0.0
9.657894736842106 127.98927904143424 5.0 39.310344827586206 98.27586206896552 0.0 0.0 0.0
10.421052631578949 137.18074971121055 5.0 39.310344827586206 98.27586206896552 0.0 0.0 0.0
11.18421052631579 136.3899879648371 5.0 39.310344827586206 98.27586206896552 0.0 0.0 0.0
11.947368421052632 134.442628809287 5.0 39.310344827586206 98.27586206896552 0.0 0.0 0.0
12.710526315789474 128.2719315651933 5.0 39.310344827586206 98.27586206896552 0.0 0.0 0.0
13.473684210526317 133.59954073151255 5.0 39.310344827586206 98.27586206896552 0.0 0.0 0.0
14.23684210526316 132.9533619871144 5.0 39.310344827586206 98.27586206896552 0.0 0.0 0.0
15.0 132.36211963123284 5.0 39.310344827586206 98.27586206896552 0.0 0.0 0.0
