0.5 119.65471417502484 5.0 37.241379310344826 93.10344827586206 0.0 0.0 0.0
1.263157894736842 126.23552122956742 5.0 37.241379310344826 93.10344827586206 0.0 0.0 0.0
2.026315789473684 130.29598598032044 5.0 37.241379310344826 93.10344827586206 0.0 0.0 0.0
2.7894736842105265 124.65381203179395 5.0 37.241379310344826 93.10344827586206 0.0 0.0 0.0
3.5526315789473686 123.12595554827725 5.0 37.241379310344826 93.10344827586206 0.0 0.0 0.0
4.315789473684211 123.71192139126019 5.0 37.241379310344826 93.10344827586206 0.0 0.0 0.0
5.078947368421053 125.98370133538845 5.0 37.241379310344826 93.10344827586206 0.0 0.0 0.0
5.842105263157895 118.94591621796111 5.0 37.241379310344826 93.10344827586206 0.0 0.0 0.0
6.605263157894737 124.63110314341466 5.0 37.241379310344826 93.10344827586206 0.0 0.0 0.0
7.36842105263158 122.96653918609434 5.0 37.241379310344826 93.10344827586206 0.0 0.0 0.0
8.131578947368421 129.6814060733509 5.0 37.241379310344826 93.10344827586206 0.0 0.0 0.0
8.894736842105264 123.6154128330679 5.0 37.241379310344826 93.10344827586206 0.0 0.0 0.0
9.657894736842106 129.14159386784132 5.0 37.241379310344826 93.10344827586206 0.0 0.0 0.0
10.421052631578949 120.82670894113674 5.0 37.241379310344826 93.10344827586206 0.0 0.0 0.0
11.18421052631579 125.89970853489113 5.0 37.241379310344826 93.10344827586206 0.0 0.0 0.0
11.947368421052632 125.09613182585645 5.0 37.241379310344826 93.10344827586206 0.0 0.0 0.0
12.710526315789474 121.5307892908884 5.0 37.241379310344826 93.10344827586206 0.0 0.0 0.0
13.473684210526317 124.67011937839358 5.0 37.241379310344826 93.10344827586206 0.0 0.0 0.0
14.23684210526316 127.77548754497757 5.0 37.241379310344826 93.10344827586206 0.0 0.0 0.0
15.0 123.16655592162296 5.0 37.241379310344826 93.10344827586206 0.0 0.0 0.0
