0.5 136.16278890457963 5.0 39.724137931034484 99.31034482758622 0.0 0.0 0.0
1.263157894736842 134.31990653203212 5.0 39.724137931034484 99.31034482758622 0.0 0.0 0.0
2.026315789473684 134.6338358123613 5.0 39.724137931034484 99.31034482758622 0.0 0.0 0.0
2.7894736842105265 134.32451195356492 5.0 39.724137931034484 99.31034482758622 0.0 0.0 0.0
3.5526315789473686 133.4361673274546 5.0 39.724137931034484 99.31034482758622 0.0 0.0 0.0
4.315789473684211 127.06295971430573 5.0 39.724137931034484 99.31034482758622 0.0 0.0 0.0
5.078947368421053 132.66465633567995 5.0 39.724137931034484 99.31034482758622 0.0 0.0 0.0
5.842105263157895 130.7452172269009 5.0 39.724137931034484 99.31034482758622 0.0 0.0 0.0
6.605263157894737 128.5742702305282 5.0 39.724137931034484 99.31034482758622 0.0 0.0 0.0
7.36842105263158 137.45924296135075 5.0 39.724137931034484 99.31034482758622 0.0 0.0 0.0
8.131578947368421 137.6007791261054 5.0 39.724137931034484 99.31034482758622 0.0 0.0 0.0
8.894736842105264 136.49145490433511 5.0 39.724137931034484 99.31034482758622 0.0 0.0 0.0
9.657894736842106 133.1794333540159 5.0 39.724137931034484 99.31034482758622 0.0 0.0 0.0
10.421052631578949 136.46566846630625 5.0 39.724137931034484 99.31034482758622 0.0 0.0 0.0
11.18421052631579 132.44995264525377 5.0 39.724137931034484 99.31034482758622 0.0 0.0 0.0
11.947368421052632 133.02218493414162 5.0 39.724137931034484 99.31034482758622 0.0 0.0 0.0
12.710526315789474 129.13337899206235 5.0 39.724137931034484 99.31034482758622 0.0 0.0 0.0
13.473684210526317 133.6047670169448 5.0 39.724137931034484 99.31034482758622 0.0 0.0 0.0
14.23684210526316 132.59495088872154 5.0 39.724137931034484 99.31034482758622 0.0 0.0 0.0
15.0 128.5058367529449 5.0 39.724137931034484 99.31034482758622 0.0 0.0 0.0
