0.5 120.44135343180106 5.0 37.6551724137931 94.13793103448276 0.0 0.0 0.0
1.263157894736842 125.46455289987802 5.0 37.6551724137931 94.13793103448276 0.0 0.0 0.0
2.026315789473684 122.80997209493282 5.0 37.6551724137931 94.13793103448276 0.0 0.0 0.0
2.7894736842105265 124.4902185633187 5.0 37.6551724137931 94.13793103448276 0.0 0.0 0.0
3.5526315789473686 125.27247807025499 5.0 37.6551724137931 94.13793103448276 0.0 0.0 0.0
4.315789473684211 120.4002847312638 5.0 37.6551724137931 94.13793103448276 0.0 0.0 0.0
5.078947368421053 120.67026636134831 5.0 37.6551724137931 94.13793103448276 0.0 0.0 0.0
5.842105263157895 126.96344188588692 5.0 37.6551724137931 94.13793103448276 0.0 0.0 0.0
6.605263157894737 123.9490852908013 5.0 37.6551724137931 94.13793103448276 0.0 0.0 0.0
7.36842105263158 117.82300835384865 5.0 37.6551724137931 94.13793103448276 0.0 0.0 0.0
8.131578947368421 127.87177348913475 5.0 37.6551724137931 94.13793103448276 0.0 0.0 0.0
8.894736842105264 126.33435064513307 5.0 37.6551724137931 94.13793103448276 0.0 0.0 0.0
9.657894736842106 123.3756169072009 5.0 37.6551724137931 94.13793103448276 0.0 0.0 0.0
10.421052631578949 121.56675074613563 5.0 37.6551724137931 94.13793103448276 0.0 0.0 0.0
11.18421052631579 128.02466506825337 5.0 37.6551724137931 94.13793103448276 0.0 0.0 0.0
11.947368421052632 126.56529324699164 5.0 37.6551724137931 94.13793103448276 0.0 0.0 0.0
12.710526315789474 132.66504822736258 5.0 37.6551724137931 94.13793103448276 0.0 0.0 0.0
13.473684210526317 126.77780717548517 5.0 37.6551724137931 94.13793103448276 0.0 0.0 0.0
14.23684210526316 126.68035080309639 5.0 37.6551724137931 94.13793103448276 0.0 0.0 0.0
15.0 125.01645758898465 5.0 37.6551724137931 94.13793103448276 0.0 0.0 0.0
