0.5 129.3468793257403 5.0 38.06896551724138 95.17241379310346 0.0 0.0 0.0
1.263157894736842 128.77180732788239 5.0 38.06896551724138 95.17241379310346 0.0 0.0 0.0
2.026315789473684 130.65172674983353 5.0 38.06896551724138 95.17241379310346 0.0 0.0 0.0
2.7894736842105265 125.33258296822608 5.0 38.06896551724138 95.17241379310346 0.0 0.0 0.0
3.5526315789473686 125.59032930530604 5.0 38.06896551724138 95.17241379310346 0.0 0.0 0.0
4.315789473684211 125.459242211402 5.0 38.06896551724138 95.17241379310346 0.0 0.0 0.0
5.078947368421053 129.2689568876749 5.0 38.06896551724138 95.17241379310346 0.0 0.0 0.0
5.842105263157895 131.39167504502814 5.0 38.06896551724138 95.17241379310346 0.0 0.0 0.0
6.605263157894737 125.52003024469003 5.0 38.06896551724138 95.17241379310346 0.0 0.0 0.0
7.36842105263158 125.62223054075866 5.0 38.06896551724138 95.17241379310346 0.0 0.0 0.0
8.131578947368421 127.83878339574733 5.0 38.06896551724138 95.17241379310346 0.0 0.0 0.0
8.894736842105264 126.15926722409924 5.0 38.06896551724138 95.17241379310346 0.0 0.0 0.0
9.657894736842106 129.7527126835576 5.0 38.06896551724138 95.17241379310346 0.0 0.0 0.0
10.421052631578949 120.1412198522808 5.0 38.06896551724138 95.17241379310346 0.0 0.0 0.0
11.18421052631579 124.41643658338725 5.0 38.06896551724138 95.17241379310346 0.0 0.0 0.0
11.947368421052632 124.5493027222536 5.0 38.06896551724138 95.17241379310346 0.0 0.0 0.0
12.710526315789474 119.9354836869795 5.0 38.06896551724138 95.17241379310346 0.0 0.0 0.0
13.473684210526317 124.00563639103153 5.0 38.06896551724138 95.17241379310346 0.0 0.0 0.0
14.23684210526316 124.15108337660016 5.0 38.06896551724138 95.17241379310346 0.0 0.0 0.0
15.0 126.29323776058145 5.0 38.06896551724138 95.17241379310346 0.0 0.0 0.0
