0.5 129.36663560302313 5.0 38.89655172413793 97.24137931034483 0.0 0.0 0.0
1.263157894736842 133.03922898584102 5.0 38.89655172413793 97.24137931034483 0.0 0.0 0.0
2.026315789473684 122.81295887767735 5.0 38.89655172413793 97.24137931034483 0.0 0.0 0.0
2.7894736842105265 125.16525634408313 5.0 38.89655172413793 97.24137931034483 0.0 0.0 0.0
3.5526315789473686 126.88651308810731 5.0 38.89655172413793 97.24137931034483 0.0 0.0 0.0
4.315789473684211 134.0387090139541 5.0 38.89655172413793 97.24137931034483 0.0 0.0 0.0
5.078947368421053 130.502933362551 5.0 38.89655172413793 97.24137931034483 0.0 0.0 0.0
5.842105263157895 131.9571241351768 5.0 38.89655172413793 97.24137931034483 0.0 0.0 0.0
6.605263157894737 126.23468965641442 5.0 38.89655172413793 97.24137931034483 0.0 0.0 0.0
7.36842105263158 126.29656478798154 5.0 38.89655172413793 97.24137931034483 0.0 0.0 0.0
8.131578947368421 130.99861356396124 5.0 38.89655172413793 97.24137931034483 0.0 0.0 0.0
8.894736842105264 129.82999540659944 5.0 38.89655172413793 97.24137931034483 0.0 0.0 0.0
9.657894736842106 131.3013888703855 5.0 38.89655172413793 97.24137931034483 0.0 0.0 0.0
10.421052631578949 129.09215944100777 5.0 38.89655172413793 97.24137931034483 0.0 0.0 0.0
11.18421052631579 130.489603593157 5.0 38.89655172413793 97.24137931034483 0.0 0.0 0.0
11.947368421052632 130.12952966850844 5.0 38.89655172413793 97.24137931034483 0.0 0.0 0.0
12.710526315789474 131.98847458104788 5.0 38.89655172413793 97.24137931034483 0.0 0.0 0.0
13.473684210526317 132.07619725962653 5.0 38.89655172413793 97.24137931034483 0.0 0.0 0.0
14.23684210526316 124.79555643061781 5.0 38.89655172413793 97.24137931034483 0.0 0.0 0.0
15.0 122.91336674777054 5.0 38.89655172413793 97.24137931034483 0.0 0.0 0.0
