0.5 121.43666342494595 5.0 36.82758620689655 92.06896551724138 0.0 0.0 0.0
1.263157894736842 122.85494371156798 5.0 36.82758620689655 92.06896551724138 0.0 0.0 0.0
2.026315789473684 123.56536103269097 5.0 36.82758620689655 92.06896551724138 0.0 0.0 0.0
2.7894736842105265 120.89962288726933 5.0 36.82758620689655 92.06896551724138 0.0 0.0 0.0
3.5526315789473686 124.17202956985496 5.0 36.82758620689655 92.06896551724138 0.0 0.0 0.0
4.315789473684211 121.158263648161 5.0 36.82758620689655 92.06896551724138 0.0 0.0 0.0
5.078947368421053 121.52370572300654 5.0 36.82758620689655 92.06896551724138 0.0 0.0 0.0
5.842105263157895 126.8465486090652 5.0 36.82758620689655 92.06896551724138 0.0 0.0 0.0
6.605263157894737 119.63686253211787 5.0 36.82758620689655 92.06896551724138 0.0 0.0 0.0
7.36842105263158 115.52027969686671 5.0 36.82758620689655 92.06896551724138 0.0 0.0 0.0
8.131578947368421 127.59143167469085 5.0 36.82758620689655 92.06896551724138 0.0 0.0 0.0
8.894736842105264 130.40660454747618 5.0 36.82758620689655 92.06896551724138 0.0 0.0 0.0
9.657894736842106 121.54281289330717 5.0 36.82758620689655 92.06896551724138 0.0 0.0 0.0
10.421052631578949 116.94810656779462 5.0 36.82758620689655 92.06896551724138 0.0 0.0 0.0
11.18421052631579 121.82716876106734 5.0 36.82758620689655 92.06896551724138 0.0 0.0 0.0
11.947368421052632 121.89995184013317 5.0 36.82758620689655 92.06896551724138 0.0 0.0 0.0
12.710526315789474 122.1888491665884 5.0 36.82758620689655 92.06896551724138 0.0 0.0 0.0
13.473684210526317 119.41845656388963 5.0 36.82758620689655 92.06896551724138 0.0 0.0 0.0
14.23684210526316 124.49730411708461 5.0 36.82758620689655 92.06896551724138 0.0 0.0 0.0
15.0 124.33214281551344 5.0 36.82758620689655 92.06896551724138 0.0 0.0 0.0
