0.5 148.9763163146498 5.0 44.27586206896552 110.68965517241381 0.0 0.0 0.0
1.263157894736842 142.99406112478164 5.0 44.27586206896552 110.68965517241381 0.0 0.0 0.0
2.026315789473684 148.27465204294256 5.0 44.27586206896552 110.68965517241381 0.0 0.0 0.0
2.7894736842105265 149.79295617383687 5.0 44.27586206896552 110.68965517241381 0.0 0.0 0.0
3.5526315789473686 148.70936625167053 5.0 44.27586206896552 110.68965517241381 0.0 0.0 0.0
4.315789473684211 149.48215134783592 5.0 44.27586206896552 110.68965517241381 0.0 0.0 0.0
5.078947368421053 143.3733996022795 5.0 44.27586206896552 110.68965517241381 0.0 0.0 0.0
5.842105263157895 148.57932736154032 5.0 44.27586206896552 110.68965517241381 0.0 0.0 0.0
6.605263157894737 146.6783476181404 5.0 44.27586206896552 110.68965517241381 0.0 0.0 0.0
7.36842105263158 146.13783642037782 5.0 44.27586206896552 110.68965517241381 0.0 0.0 0.0
8.131578947368421 150.19787372481093 5.0 44.27586206896552 110.68965517241381 0.0 0.0 0.0
8.894736842105264 152.02403042857443 5.0 44.27586206896552 110.68965517241381 0.0 0.0 0.0
9.657894736842106 152.9693170603528 5.0 44.27586206896552 110.68965517241381 0.0 0.0 0.0
10.421052631578949 151.53063051106946 5.0 44.27586206896552 110.68965517241381 0.0 0.0 0.0
11.18421052631579 147.25700435166118 5.0 44.27586206896552 110.68965517241381 0.0 0.0 0.0
11.947368421052632 148.64436738563077 5.0 44.27586206896552 110.68965517241381 0.0 0.0 0.0
12.710526315789474 149.88667551190449 5.0 44.27586206896552 110.68965517241381 0.0 0.0 0.0
13.473684210526317 147.94974074445014 5.0 44.27586206896552 110.68965517241381 0.0 0.0 0.0
14.23684210526316 147.97849946028637 5.0 44.27586206896552 110.68965517241381 0.0 0.0 0.0
15.0 150.0574662921803 5.0 44.27586206896552 110.68965517241381 0.0 0.0 0.0
