0.5 136.3642865680953 5.0 41.793103448275865 104.48275862068967 0.0 0.0 0.0
1.263157894736842 134.983447420908 5.0 41.793103448275865 104.48275862068967 0.0 0.0 0.0
2.026315789473684 139.13511109601018 5.0 41.793103448275865 104.48275862068967 0.0 0.0 0.0
2.7894736842105265 139.5622878375296 5.0 41.793103448275865 104.48275862068967 0.0 0.0 0.0
3.5526315789473686 137.22982633386937 5.0 41.793103448275865 104.48275862068967 0.0 0.0 0.0
4.315789473684211 141.80344040059015 5.0 41.793103448275865 104.48275862068967 0.0 0.0 0.0
5.078947368421053 135.2838193284735 5.0 41.793103448275865 104.48275862068967 0.0 0.0 0.0
5.842105263157895 138.08951358126853 5.0 41.793103448275865 104.48275862068967 0.0 0.0 0.0
6.605263157894737 137.55572242278723 5.0 41.793103448275865 104.48275862068967 0.0 0.0 0.0
7.36842105263158 139.1705830165682 5.0 41.793103448275865 104.48275862068967 0.0 0.0 0.0
8.131578947368421 140.14693768152793 5.0 41.793103448275865 104.48275862068967 0.0 0.0 0.0
8.894736842105264 136.28666597871558 5.0 41.793103448275865 104.48275862068967 0.0 0.0 0.0
9.657894736842106 141.4831928599549 5.0 41.793103448275865 104.48275862068967 0.0 0.0 0.0
10.421052631578949 139.49935193259032 5.0 41.793103448275865 104.48275862068967 0.0 0.0 0.0
11.18421052631579 133.63450606765048 5.0 41.793103448275865 104.48275862068967 0.0 0.0 0.0
11.947368421052632 133.43457050639512 5.0 41.793103448275865 104.48275862068967 0.0 0.0 0.0
12.710526315789474 139.27338694879828 5.0 41.793103448275865 104.48275862068967 0.0 0.0 0.0
13.473684210526317 138.64744287422715 5.0 41.793103448275865 104.48275862068967 0.0 0.0 0.0
14.23684210526316 139.0000844868623 5.0 41.793103448275865 104.48275862068967 0.0 0.0 0.0
15.0 139.22639745799557 5.0 41.793103448275865 104.48275862068967 0.0 0.0 0.0
