0.5 142.49455621618355 5.0 43.03448275862068 107.58620689655172 0.0 0.0 0.0
1.263157894736842 140.84726009309867 5.0 43.03448275862068 107.58620689655172 0.0 0.0 0.0
2.026315789473684 143.80595344545114 5.0 43.03448275862068 107.58620689655172 0.0 0.0 0.0
2.7894736842105265 141.73392820447873 5.0 43.03448275862068 107.58620689655172 0.0 0.0 0.0
3.5526315789473686 142.94980233621976 5.0 43.03448275862068 107.58620689655172 0.0 0.0 0.0
4.315789473684211 149.0948005026811 5.0 43.03448275862068 107.58620689655172 0.0 0.0 0.0
5.078947368421053 142.93911647280783 5.0 43.03448275862068 107.58620689655172 0.0 0.0 0.0
5.842105263157895 144.68965281363958 5.0 43.03448275862068 107.58620689655172 0.0 0.0 0.0
6.605263157894737 142.75146787229625 5.0 43.03448275862068 107.58620689655172 0.0 0.0 0.0
7.36842105263158 143.67541572593944 5.0 43.03448275862068 107.58620689655172 0.0 0.0 0.0
8.131578947368421 143.46632590337717 5.0 43.03448275862068 107.58620689655172 0.0 0.0 0.0
8.894736842105264 144.79324805998843 5.0 43.03448275862068 107.58620689655172 0.0 0.0 0.0
9.657894736842106 146.94419846871048 5.0 43.03448275862068 107.58620689655172 0.0 0.0 0.0
10.421052631578949 148.39045785487895 5.0 43.03448275862068 107.58620689655172 0.0 0.0 0.0
11.18421052631579 144.37713610779645 5.0 43.03448275862068 107.58620689655172 0.0 0.0 0.0
11.947368421052632 145.21691652017577 5.0 43.03448275862068 107.58620689655172 0.0 0.0 0.0
12.710526315789474 139.99568233451225 5.0 43.03448275862068 107.58620689655172 0.0 0.0 0.0
13.473684210526317 143.1846456348221 5.0 43.03448275862068 107.58620689655172 0.0 0.0 0.0
14.23684210526316 146.26914425671973 5.0 43.03448275862068 107.58620689655172 0.0 0.0 0.0
15.0 146.0461817773204 5.0 43.03448275862068 107.58620689655172 0.0 0.0 0.0
