0.5 145.46241540528172 5.0 43.44827586206897 108.62068965517243 0.0 0.0 0.0
1.263157894736842 147.48676808560043 5.0 43.44827586206897 108.62068965517243 0.0 0.0 0.0
2.026315789473684 146.29988633387802 5.0 43.44827586206897 108.62068965517243 0.0 0.0 0.0
2.7894736842105265 148.42850498167454 5.0 43.44827586206897 108.62068965517243 0.0 0.0 0.0
3.5526315789473686 145.6956636777679 5.0 43.44827586206897 108.62068965517243 0.0 0.0 0.0
4.315789473684211 143.76049126018347 5.0 43.44827586206897 108.62068965517243 0.0 0.0 0.0
5.078947368421053 145.83510997769565 5.0 43.44827586206897 108.62068965517243 0.0 0.0 0.0
5.842105263157895 136.03580307933825 5.0 43.44827586206897 108.62068965517243 0.0 0.0 0.0
6.605263157894737 145.97624341605172 5.0 43.44827586206897 108.62068965517243 0.0 0.0 0.0
7.36842105263158 133.88234773125222 5.0 43.44827586206897 108.62068965517243 0.0 0.0 0.0
8.131578947368421 139.65719598468033 5.0 43.44827586206897 108.62068965517243 0.0 0.0 0.0
8.894736842105264 146.18289200971952 5.0 43.44827586206897 108.62068965517243 0.0 0.0 0.0
9.657894736842106 146.26017421869696 5.0 43.44827586206897 108.62068965517243 0.0 0.0 0.0
10.421052631578949 141.34029986647678 5.0 43.44827586206897 108.62068965517243 0.0 0.0 0.0
11.18421052631579 142.69128008125975 5.0 43.44827586206897 108.62068965517243 0.0 0.0 0.0
11.947368421052632 148.93920917273897 5.0 43.44827586206897 108.62068965517243 0.0 0.0 0.0
12.710526315789474 143.37549581217854 5.0 43.44827586206897 108.62068965517243 0.0 0.0 0.0
13.473684210526317 151.55634714410553 5.0 43.44827586206897 108.62068965517243 0.0 0.0 0.0
14.23684210526316 144.82182664736754 5.0 43.44827586206897 108.62068965517243 0.0 0.0 0.0
15.0 146.05169473754037 5.0 43.44827586206897 108.62068965517243 0.0 0.0 0.0
