0.5 143.64621512495205 5.0 41.37931034482759 103.44827586206898 0.0 0.0 0.0
1.263157894736842 138.0377639137125 5.0 41.37931034482759 103.44827586206898 0.0 0.0 0.0
2.026315789473684 143.19210756286188 5.0 41.37931034482759 103.44827586206898 0.0 0.0 0.0
2.7894736842105265 137.65113853379816 5.0 41.37931034482759 103.44827586206898 0.0 0.0 0.0
3.5526315789473686 138.32420796089707 5.0 41.37931034482759 103.44827586206898 0.0 0.0 0.0
4.315789473684211 139.02745790068712 5.0 41.37931034482759 103.44827586206898 0.0 0.0 0.0
5.078947368421053 147.46759552086124 5.0 41.37931034482759 103.44827586206898 0.0 0.0 0.0
5.842105263157895 140.484891207293 5.0 41.37931034482759 103.44827586206898 0.0 0.0 0.0
6.605263157894737 135.80924089290426 5.0 41.37931034482759 103.44827586206898 0.0 0.0 0.0
7.36842105263158 140.83802809358622 5.0 41.37931034482759 103.44827586206898 0.0 0.0 0.0
8.131578947368421 136.8455368715056 5.0 41.37931034482759 103.44827586206898 0.0 0.0 0.0
8.894736842105264 136.461783934055 5.0 41.37931034482759 103.44827586206898 0.0 0.0 0.0
9.657894736842106 140.65683856243496 5.0 41.37931034482759 103.44827586206898 0.0 0.0 0.0
10.421052631578949 138.0242912460721 5.0 41.37931034482759 103.44827586206898 0.0 0.0 0.0
11.18421052631579 138.76676222629405 5.0 41.37931034482759 103.44827586206898 0.0 0.0 0.0
11.947368421052632 137.9729901483545 5.0 41.37931034482759 103.44827586206898 0.0 0.0 0.0
12.710526315789474 138.94078386257493 5.0 41.37931034482759 103.44827586206898 0.0 0.0 0.0
13.473684210526317 139.2059321750671 5.0 41.37931034482759 103.44827586206898 0.0 0.0 0.0
14.23684210526316 132.12013368464238 5.0 41.37931034482759 103.44827586206898 0.0 0.0 0.0
15.0 139.93075248858725 5.0 41.37931034482759 103.44827586206898 0.0 0.0 0.0
