0.5 143.2380406332014 5.0 42.62068965517242 106.55172413793105 0.0 0.0 0.0
1.263157894736842 142.3766250684202 5.0 42.62068965517242 106.55172413793105 0.0 0.0 0.0
2.026315789473684 141.6266380474869 5.0 42.62068965517242 106.55172413793105 0.0 0.0 0.0
2.7894736842105265 146.8337938386892 5.0 42.62068965517242 106.55172413793105 0.0 0.0 0.0
3.5526315789473686 140.20234318135724 5.0 42.62068965517242 106.55172413793105 0.0 0.0 0.0
4.315789473684211 148.24986002881363 5.0 42.62068965517242 106.55172413793105 0.0 0.0 0.0
5.078947368421053 141.3926711695571 5.0 42.62068965517242 106.55172413793105 0.0 0.0 0.0
5.842105263157895 138.2379161823307 5.0 42.62068965517242 106.55172413793105 0.0 0.0 0.0
6.605263157894737 142.27872426022586 5.0 42.62068965517242 106.55172413793105 0.0 0.0 0.0
7.36842105263158 138.8402299162851 5.0 42.62068965517242 106.55172413793105 0.0 0.0 0.0
8.131578947368421 139.81369797380088 5.0 42.62068965517242 106.55172413793105 0.0 0.0 0.0
8.894736842105264 143.26006541728788 5.0 42.62068965517242 106.55172413793105 0.0 0.0 0.0
9.657894736842106 143.73571178319176 5.0 42.62068965517242 106.55172413793105 0.0 0.0 0.0
10.421052631578949 140.20246241647862 5.0 42.62068965517242 106.55172413793105 0.0 0.0 0.0
11.18421052631579 145.0311809523806 5.0 42.62068965517242 106.55172413793105 0.0 0.0 0.0
11.947368421052632 145.5414887913048 5.0 42.62068965517242 106.55172413793105 0.0 0.0 0.0
12.710526315789474 146.37787078693128 5.0 42.62068965517242 106.55172413793105 0.0 0.0 0.0
13.473684210526317 143.65720573861856 5.0 42.62068965517242 106.55172413793105 0.0 0.0 0.0
14.23684210526316 146.1592516534985 5.0 42.62068965517242 106.55172413793105 0.0 0.0 0.0
15.0 136.4265702333192 5.0 42.62068965517242 106.55172413793105 0.0 0.0 0.0
