0.5 135.1080007663348 5.0 40.96551724137931 102.41379310344828 0.0 0.0 0.0
1.263157894736842 140.86505495768043 5.0 40.96551724137931 102.41379310344828 0.0 0.0 0.0
2.026315789473684 133.0654855997282 5.0 40.96551724137931 102.41379310344828 0.0 0.0 0.0
2.7894736842105265 130.20176079101947 5.0 40.96551724137931 102.41379310344828 0.0 0.0 0.0
3.5526315789473686 130.9661886782035 5.0 40.96551724137931 102.41379310344828 0.0 0.0 0.0
4.315789473684211 136.63905397766106 5.0 40.96551724137931 102.41379310344828 0.0 0.0 0.0
5.078947368421053 136.64447597202914 5.0 40.96551724137931 102.41379310344828 0.0 0.0 0.0
5.842105263157895 136.19889157165568 5.0 40.96551724137931 102.41379310344828 0.0 0.0 0.0
6.605263157894737 140.19429362471655 5.0 40.96551724137931 102.41379310344828 0.0 0.0 0.0
7.36842105263158 128.53322083862224 5.0 40.96551724137931 102.41379310344828 0.0 0.0 0.0
8.131578947368421 137.73952576122352 5.0 40.96551724137931 102.41379310344828 0.0 0.0 0.0
8.894736842105264 141.23603874334177 5.0 40.96551724137931 102.41379310344828 0.0 0.0 0.0
9.657894736842106 133.1683818432559 5.0 40.96551724137931 102.41379310344828 0.0 0.0 0.0
10.421052631578949 135.41230460256136 5.0 40.96551724137931 102.41379310344828 0.0 0.0 0.0
11.18421052631579 134.29304838624518 5.0 40.96551724137931 102.41379310344828 0.0 0.0 0.0
11.947368421052632 133.86868599969847 5.0 40.96551724137931 102.41379310344828 0.0 0.0 0.0
12.710526315789474 135.57293812286193 5.0 40.96551724137931 102.41379310344828 0.0 0.0 0.0
13.473684210526317 140.83417998898457 5.0 40.96551724137931 102.41379310344828 0.0 0.0 0.0
14.23684210526316 142.0638841643936 5.0 40.96551724137931 102.41379310344828 0.0 0.0 0.0
15.0 135.5439064628106 5.0 40.96551724137931 102.41379310344828 0.0 0.0 0.0
