0.5 148.859762479642 5.0 45.51724137931034 113.79310344827586 0.0 0.0 0.0
1.263157894736842 154.64582031568668 5.0 45.51724137931034 113.79310344827586 0.0 0.0 0.0
2.026315789473684 153.819836967149 5.0 45.51724137931034 113.79310344827586 0.0 0.0 0.0
2.7894736842105265 152.02991559315245 5.0 45.51724137931034 113.79310344827586 0.0 0.0 0.0
3.5526315789473686 149.43716755695152 5.0 45.51724137931034 113.79310344827586 0.0 0.0 0.0
4.315789473684211 149.14651987530777 5.0 45.51724137931034 113.79310344827586 0.0 0.0 0.0
5.078947368421053 150.1111502003254 5.0 45.51724137931034 113.79310344827586 0.0 0.0 0.0
5.842105263157895 153.35192132091035 5.0 45.51724137931034 113.79310344827586 0.0 0.0 0.0
6.605263157894737 148.8572624288303 5.0 45.51724137931034 113.79310344827586 0.0 0.0 0.0
7.36842105263158 153.03667467689408 5.0 45.51724137931034 113.79310344827586 0.0 0.0 0.0
8.131578947368421 147.9988713443993 5.0 45.51724137931034 113.79310344827586 0.0 0.0 0.0
8.894736842105264 151.11193217771793 5.0 45.51724137931034 113.79310344827586 0.0 0.0 0.0
9.657894736842106 152.05308119475652 5.0 45.51724137931034 113.79310344827586 0.0 0.0 0.0
10.421052631578949 159.05952836621123 5.0 45.51724137931034 113.79310344827586 0.0 0.0 0.0
11.18421052631579 147.5921909644734 5.0 45.51724137931034 113.79310344827586 0.0 0.0 0.0
11.947368421052632 156.14018163050488 5.0 45.51724137931034 113.79310344827586 0.0 0.0 0.0
12.710526315789474 152.17366517299632 5.0 45.51724137931034 113.79310344827586 0.0 0.0 0.0
13.473684210526317 152.95765368508236 5.0 45.51724137931034 113.79310344827586 0.0 0.0 0.0
14.23684210526316 152.07918167119908 5.0 45.51724137931034 113.79310344827586 0.0 0.0 0.0
15.0 153.05831838562017 5.0 45.51724137931034 113.79310344827586 0.0 0.0 0.0
