0.5 148.7876693033015 5.0 44.68965517241379 111.72413793103448 0.0 0.0 0.0
1.263157894736842 146.7776564322583 5.0 44.68965517241379 111.72413793103448 0.0 0.0 0.0
2.026315789473684 147.72209804387174 5.0 44.68965517241379 111.72413793103448 0.0 0.0 0.0
2.7894736842105265 150.86724837458053 5.0 44.68965517241379 111.72413793103448 0.0 0.0 0.0
3.5526315789473686 148.97449711497916 5.0 44.68965517241379 111.72413793103448 0.0 0.0 0.0
4.315789473684211 149.98614717198433 5.0 44.68965517241379 111.72413793103448 0.0 0.0 0.0
5.078947368421053 150.97575496798586 5.0 44.68965517241379 111.72413793103448 0.0 0.0 0.0
5.842105263157895 147.84099285268647 5.0 44.68965517241379 111.72413793103448 0.0 0.0 0.0
6.605263157894737 151.23426173226872 5.0 44.68965517241379 111.72413793103448 0.0 0.0 0.0
7.36842105263158 150.1020450517545 5.0 44.68965517241379 111.72413793103448 0.0 0.0 0.0
8.131578947368421 145.26107798064487 5.0 44.68965517241379 111.72413793103448 0.0 0.0 0.0
8.894736842105264 153.29243161493804 5.0 44.68965517241379 111.72413793103448 0.0 0.0 0.0
9.657894736842106 147.46328301010854 5.0 44.68965517241379 111.72413793103448 0.0 0.0 0.0
10.421052631578949 144.00023121182375 5.0 44.68965517241379 111.72413793103448 0.0 0.0 0.0
11.18421052631579 145.8303861126204 5.0 44.68965517241379 111.72413793103448 0.0 0.0 0.0
11.947368421052632 145.90238175934434 5.0 44.68965517241379 111.72413793103448 0.0 0.0 0.0
12.710526315789474 149.12203719735191 5.0 44.68965517241379 111.72413793103448 0.0 0.0 0.0
13.473684210526317 148.14396572474058 5.0 44.68965517241379 111.72413793103448 0.0 0.0 0.0
14.23684210526316 147.95502133845753 5.0 44.68965517241379 111.72413793103448 0.0 0.0 0.0
15.0 150.82462313782673 5.0 44.68965517241379 111.72413793103448 0.0 0.0 0.0
