0.5 152.64239296277603 5.0 45.931034482758626 114.82758620689657 0.0 0.0 0.0
1.263157894736842 157.46559882023448 5.0 45.931034482758626 114.82758620689657 0.0 0.0 0.0
2.026315789473684 151.7340348431879 5.0 45.931034482758626 114.82758620689657 0.0 0.0 0.0
2.7894736842105265 156.50015199239982 5.0 45.931034482758626 114.82758620689657 0.0 0.0 0.0
3.5526315789473686 151.17034691522304 5.0 45.931034482758626 114.82758620689657 0.0 0.0 0.0
4.315789473684211 152.92269273665823 5.0 45.931034482758626 114.82758620689657 0.0 0.0 0.0
5.078947368421053 149.88756061899144 5.0 45.931034482758626 114.82758620689657 0.0 0.0 0.0
5.842105263157895 154.46851943690464 5.0 45.931034482758626 114.82758620689657 0.0 0.0 0.0
6.605263157894737 157.4388261466417 5.0 45.931034482758626 114.82758620689657 0.0 0.0 0.0
7.36842105263158 152.87137973639952 5.0 45.931034482758626 114.82758620689657 0.0 0.0 0.0
8.131578947368421 152.51279117975037 5.0 45.931034482758626 114.82758620689657 0.0 0.0 0.0
8.894736842105264 149.7595973866583 5.0 45.931034482758626 114.82758620689657 0.0 0.0 0.0
9.657894736842106 152.41557031520517 5.0 45.931034482758626 114.82758620689657 0.0 0.0 0.0
10.421052631578949 148.3250654966975 5.0 45.931034482758626 114.82758620689657 0.0 0.0 0.0
11.18421052631579 150.36481431570562 5.0 45.931034482758626 114.82758620689657 0.0 0.0 0.0
11.947368421052632 153.78380641418948 5.0 45.931034482758626 114.82758620689657 0.0 0.0 0.0
12.710526315789474 157.06048786908627 5.0 45.931034482758626 114.82758620689657 0.0 0.0 0.0
13.473684210526317 161.5310808595506 5.0 45.931034482758626 114.82758620689657 0.0 0.0 0.0
14.23684210526316 151.3436930206494 5.0 45.931034482758626 114.82758620689657 0.0 0.0 0.0
15.0 157.4093487457984 5.0 45.931034482758626 114.82758620689657 0.0 0.0 0.0
