0.5 163.777074664322 5.0 47.58620689655172 118.9655172413793 0.0 0.0 0.0
1.263157894736842 151.66185747491875 5.0 47.58620689655172 118.9655172413793 0.0 0.0 0.0
2.026315789473684 152.61605242185638 5.0 47.58620689655172 118.9655172413793 0.0 0.0 0.0
2.7894736842105265 156.99117716200408 5.0 47.58620689655172 118.9655172413793 0.0 0.0 0.0
3.5526315789473686 158.66427330098512 5.0 47.58620689655172 118.9655172413793 0.0 0.0 0.0
4.315789473684211 160.69100292946445 5.0 47.58620689655172 118.9655172413793 0.0 0.0 0.0
5.078947368421053 160.03995124925484 5.0 47.58620689655172 118.9655172413793 0.0 0.0 0.0
5.842105263157895 157.4679519165307 5.0 47.58620689655172 118.9655172413793 0.0 0.0 0.0
6.605263157894737 161.6778207348977 5.0 47.58620689655172 118.9655172413793 0.0 0.0 0.0
7.36842105263158 161.7112758646306 5.0 47.58620689655172 118.9655172413793 0.0 0.0 0.0
8.131578947368421 159.17286314898712 5.0 47.58620689655172 118.9655172413793 0.0 0.0 0.0
8.894736842105264 161.50866237263293 5.0 47.58620689655172 118.9655172413793 0.0 0.0 0.0
9.657894736842106 159.4386254454688 5.0 47.58620689655172 118.9655172413793 0.0 0.0 0.0
10.421052631578949 156.93624057482376 5.0 47.58620689655172 118.9655172413793 0.0 0.0 0.0
11.18421052631579 160.71414017217242 5.0 47.58620689655172 118.9655172413793 0.0 0.0 0.0
11.947368421052632 158.95252902290844 5.0 47.58620689655172 118.9655172413793 0.0 0.0 0.0
12.710526315789474 158.62470919543588 5.0 47.58620689655172 118.9655172413793 0.0 0.0 0.0
13.473684210526317 163.03955037174114 5.0 47.58620689655172 118.9655172413793 0.0 0.0 0.0
14.23684210526316 151.26807326955216 5.0 47.58620689655172 118.9655172413793 0.0 0.0 0.0
15.0 154.3676371446937 5.0 47.58620689655172 118.9655172413793 0.0 0.0 0.0
