0.5 156.4387887208769 5.0 48.0 120.0 0.0 0.0 0.0
1.263157894736842 158.91021805729358 5.0 48.0 120.0 0.0 0.0 0.0
2.026315789473684 159.2361754907019 5.0 48.0 120.0 0.0 0.0 0.0
2.7894736842105265 155.47802305668085 5.0 48.0 120.0 0.0 0.0 0.0
3.5526315789473686 157.04452590306752 5.0 48.0 120.0 0.0 0.0 0.0
4.315789473684211 157.4174749644293 5.0 48.0 120.0 0.0 0.0 0.0
5.078947368421053 167.37227227622768 5.0 48.0 120.0 0.0 0.0 0.0
5.842105263157895 165.40522584324145 5.0 48.0 120.0 0.0 0.0 0.0
6.605263157894737 158.76475174694605 5.0 48.0 120.0 0.0 0.0 0.0
7.36842105263158 158.9092501290796 5.0 48.0 120.0 0.0 0.0 0.0
8.131578947368421 156.55238800843512 5.0 48.0 120.0 0.0 0.0 0.0
8.894736842105264 154.2756087603242 5.0 48.0 120.0 0.0 0.0 0.0
9.657894736842106 159.64935944077442 5.0 48.0 120.0 0.0 0.0 0.0
10.421052631578949 157.00644405026793 5.0 48.0 120.0 0.0 0.0 0.0
11.18421052631579 159.74544840501397 5.0 48.0 120.0 0.0 0.0 0.0
11.947368421052632 155.19938245286957 5.0 48.0 120.0 0.0 0.0 0.0
12.710526315789474 157.71407662506923 5.0 48.0 120.0 0.0 0.0 0.0
13.473684210526317 160.44588128590848 5.0 48.0 120.0 0.0 0.0 0.0
14.23684210526316 161.09862879335182 5.0 48.0 120.0 0.0 0.0 0.0
15.0 161.25241587622605 5.0 48.0 120.0 0.0 0.0 0.0
