0.5 157.41784339235647 5.0 48.41379310344828 121.0344827586207 0.0 0.0 0.0
1.263157894736842 163.94336753523427 5.0 48.41379310344828 121.0344827586207 0.0 0.0 0.0
2.026315789473684 158.97867525502204 5.0 48.41379310344828 121.0344827586207 0.0 0.0 0.0
2.7894736842105265 163.2778840886495 5.0 48.41379310344828 121.0344827586207 0.0 0.0 0.0
3.5526315789473686 161.347394314973 5.0 48.41379310344828 121.0344827586207 0.0 0.0 0.0
4.315789473684211 157.25014784759375 5.0 48.41379310344828 121.0344827586207 0.0 0.0 0.0
5.078947368421053 160.43071723108403 5.0 48.41379310344828 121.0344827586207 0.0 0.0 0.0
5.842105263157895 162.4754015710189 5.0 48.41379310344828 121.0344827586207 0.0 0.0 0.0
6.605263157894737 163.21820648625138 5.0 48.41379310344828 121.0344827586207 0.0 0.0 0.0
7.36842105263158 160.95634665249432 5.0 48.41379310344828 121.0344827586207 0.0 0.0 0.0
8.131578947368421 165.97464701663074 5.0 48.41379310344828 121.0344827586207 0.0 0.0 0.0
8.894736842105264 164.40184265778726 5.0 48.41379310344828 121.0344827586207 0.0 0.0 0.0
9.657894736842106 160.60934799562833 5.0 48.41379310344828 121.0344827586207 0.0 0.0 0.0
10.421052631578949 163.62967578123843 5.0 48.41379310344828 121.0344827586207 0.0 0.0 0.0
11.18421052631579 167.18069080039214 5.0 48.41379310344828 121.0344827586207 0.0 0.0 0.0
11.947368421052632 167.26076414717667 5.0 48.41379310344828 121.0344827586207 0.0 0.0 0.0
12.710526315789474 157.6953107023601 5.0 48.41379310344828 121.0344827586207 0.0 0.0 0.0
13.473684210526317 158.59971101135613 5.0 48.41379310344828 121.0344827586207 0.0 0.0 0.0
14.23684210526316 165.83406670502913 5.0 48.41379310344828 121.0344827586207 0.0 0.0 0.0
15.0 158.20446719231467 5.0 48.41379310344828 121.0344827586207 0.0 0.0 0.0
