0.5 158.59233114447628 5.0 47.172413793103445 117.93103448275862 0.0 0.0 0.0
1.263157894736842 157.25070496090174 5.0 47.172413793103445 117.93103448275862 0.0 0.0 0.0
2.026315789473684 154.99193929549128 5.0 47.172413793103445 117.93103448275862 0.0 0.0 0.0
2.7894736842105265 156.53389122382026 5.0 47.172413793103445 117.93103448275862 0.0 0.0 0.0
3.5526315789473686 156.68885207079916 5.0 47.172413793103445 117.93103448275862 0.0 0.0 0.0
4.315789473684211 156.43091392233353 5.0 47.172413793103445 117.93103448275862 0.0 0.0 0.0
5.078947368421053 162.55540303714787 5.0 47.172413793103445 117.93103448275862 0.0 0.0 0.0
5.842105263157895 156.9460413034212 5.0 47.172413793103445 117.93103448275862 0.0 0.0 0.0
6.605263157894737 156.5096909798128 5.0 47.172413793103445 117.93103448275862 0.0 0.0 0.0
7.36842105263158 150.9490264375144 5.0 47.172413793103445 117.93103448275862 0.0 0.0 0.0
8.131578947368421 154.5587572544064 5.0 47.172413793103445 117.93103448275862 0.0 0.0 0.0
8.894736842105264 156.45215903697576 5.0 47.172413793103445 117.93103448275862 0.0 0.0 0.0
9.657894736842106 155.1838212818149 5.0 47.172413793103445 117.93103448275862 0.0 0.0 0.0
10.421052631578949 161.38650209047822 5.0 47.172413793103445 117.93103448275862 0.0 0.0 0.0
11.18421052631579 156.74656598415618 5.0 47.172413793103445 117.93103448275862 0.0 0.0 0.0
11.947368421052632 161.1067120582996 5.0 47.172413793103445 117.93103448275862 0.0 0.0 0.0
12.710526315789474 157.42649321249593 5.0 47.172413793103445 117.93103448275862 0.0 0.0 0.0
13.473684210526317 157.35306281960956 5.0 47.172413793103445 117.93103448275862 0.0 0.0 0.0
14.23684210526316 156.97498996720734 5.0 47.172413793103445 117.93103448275862 0.0 0.0 0.0
15.0 157.2527680652092 5.0 47.172413793103445 117.93103448275862 0.0 0.0 0.0
