0.5 159.2523669147308 5.0 46.75862068965518 116.89655172413795 0.0 0.0 0.0
1.263157894736842 157.70436649685513 5.0 46.75862068965518 116.89655172413795 0.0 0.0 0.0
2.026315789473684 157.65711010674192 5.0 46.75862068965518 116.89655172413795 0.0 0.0 0.0
2.7894736842105265 157.42105068555676 5.0 46.75862068965518 116.89655172413795 0.0 0.0 0.0
3.5526315789473686 152.57005594187615 5.0 46.75862068965518 116.89655172413795 0.0 0.0 0.0
4.315789473684211 157.96423843609602 5.0 46.75862068965518 116.89655172413795 0.0 0.0 0.0
5.078947368421053 151.7946270521376 5.0 46.75862068965518 116.89655172413795 0.0 0.0 0.0
5.842105263157895 153.4782706001421 5.0 46.75862068965518 116.89655172413795 0.0 0.0 0.0
6.605263157894737 159.77276416894153 5.0 46.75862068965518 116.89655172413795 0.0 0.0 0.0
7.36842105263158 158.38272945359986 5.0 46.75862068965518 116.89655172413795 0.0 0.0 0.0
8.131578947368421 160.32426383457485 5.0 46.75862068965518 116.89655172413795 0.0 0.0 0.0
8.894736842105264 155.0470458144554 5.0 46.75862068965518 116.89655172413795 0.0 0.0 0.0
9.657894736842106 152.40532244168696 5.0 46.75862068965518 116.89655172413795 0.0 0.0 0.0
10.421052631578949 155.14075737430625 5.0 46.75862068965518 116.89655172413795 0.0 0.0 0.0
11.18421052631579 156.168162857239 5.0 46.75862068965518 116.89655172413795 0.0 0.0 0.0
11.947368421052632 156.0990351145373 5.0 46.75862068965518 116.89655172413795 0.0 0.0 0.0
12.710526315789474 159.26311040178737 5.0 46.75862068965518 116.89655172413795 0.0 0.0 0.0
13.473684210526317 154.77825769050693 5.0 46.75862068965518 116.89655172413795 0.0 0.0 0.0
14.23684210526316 156.91817238092605 5.0 46.75862068965518 116.89655172413795 0.0 0.0 0.0
15.0 152.89618751721346 5.0 46.75862068965518 116.89655172413795 0.0 0.0 0.0
