0.5 151.36445366978504 5.0 45.10344827586207 112.75862068965519 0.0 0.0 0.0
1.263157894736842 151.29297119813978 5.0 45.10344827586207 112.75862068965519 0.0 0.0 0.0
2.026315789473684 151.574312958193 5.0 45.10344827586207 112.75862068965519 0.0 0.0 0.0
2.7894736842105265 152.19323159021363 5.0 45.10344827586207 112.75862068965519 0.0 0.0 0.0
3.5526315789473686 144.0209675608746 5.0 45.10344827586207 112.75862068965519 0.0 0.0 0.0
4.315789473684211 149.25151282941354 5.0 45.10344827586207 112.75862068965519 0.0 0.0 0.0
5.078947368421053 143.8041973927385 5.0 45.10344827586207 112.75862068965519 0.0 0.0 0.0
5.842105263157895 150.4530073666003 5.0 45.10344827586207 112.75862068965519 0.0 0.0 0.0
6.605263157894737 150.33092866953388 5.0 45.10344827586207 112.75862068965519 0.0 0.0 0.0
7.36842105263158 153.48142441057595 5.0 45.10344827586207 112.75862068965519 0.0 0.0 0.0
8.131578947368421 153.90773076437029 5.0 45.10344827586207 112.75862068965519 0.0 0.0 0.0
8.894736842105264 150.953152730964 5.0 45.10344827586207 112.75862068965519 0.0 0.0 0.0
9.657894736842106 148.84374435401622 5.0 45.10344827586207 112.75862068965519 0.0 0.0 0.0
10.421052631578949 151.80031092384414 5.0 45.10344827586207 112.75862068965519 0.0 0.0 0.0
11.18421052631579 148.76107467423398 5.0 45.10344827586207 112.75862068965519 0.0 0.0 0.0
11.947368421052632 150.34064963187686 5.0 45.10344827586207 112.75862068965519 0.0 0.0 0.0
12.710526315789474 153.30323653708922 5.0 45.10344827586207 112.75862068965519 0.0 0.0 0.0
13.473684210526317 148.67151354823864 5.0 45.10344827586207 112.75862068965519 0.0 0.0 0.0
14.23684210526316 152.76186350393442 5.0 45.10344827586207 112.75862068965519 0.0 0.0 0.0
15.0 152.37703169228382 5.0 45.10344827586207 112.75862068965519 0.0 0.0 0.0
