0.5 170.0201448125928 5.0 51.724137931034484 129.31034482758622 0.0 0.0 0.0
1.263157894736842 173.6971822981897 5.0 51.724137931034484 129.31034482758622 0.0 0.0 0.0
2.026315789473684 173.73076619161498 5.0 51.724137931034484 129.31034482758622 0.0 0.0 0.0
2.7894736842105265 170.83364692760966 5.0 51.724137931034484 129.31034482758622 0.0 0.0 0.0
3.5526315789473686 169.31660204478374 5.0 51.724137931034484 129.31034482758622 0.0 0.0 0.0
4.315789473684211 179.3433263697185 5.0 51.724137931034484 129.31034482758622 0.0 0.0 0.0
5.078947368421053 173.39432351461235 5.0 51.724137931034484 129.31034482758622 0.0 0.0 0.0
5.842105263157895 170.21693695924205 5.0 51.724137931034484 129.31034482758622 0.0 0.0 0.0
6.605263157894737 175.16158401028707 5.0 51.724137931034484 129.31034482758622 0.0 0.0 0.0
7.36842105263158 172.08635764876428 5.0 51.724137931034484 129.31034482758622 0.0 0.0 0.0
8.131578947368421 171.65514876449478 5.0 51.724137931034484 129.31034482758622 0.0 0.0 0.0
8.894736842105264 174.10061171919176 5.0 51.724137931034484 129.31034482758622 0.0 0.0 0.0
9.657894736842106 168.53814629875322 5.0 51.724137931034484 129.31034482758622 0.0 0.0 0.0
10.421052631578949 173.4716747151998 5.0 51.724137931034484 129.31034482758622 0.0 0.0 0.0
11.18421052631579 178.15265752664354 5.0 51.724137931034484 129.31034482758622 0.0 0.0 0.0
11.947368421052632 173.81232609004022 5.0 51.724137931034484 129.31034482758622 0.0 0.0 0.0
12.710526315789474 171.2851567920979 5.0 51.724137931034484 129.31034482758622 0.0 0.0 0.0
13.473684210526317 170.89247726216357 5.0 51.724137931034484 129.31034482758622 0.0 0.0 0.0
14.23684210526316 171.18277318341296 5.0 51.724137931034484 129.31034482758622 0.0 0.0 0.0
15.0 171.65190506930495 5.0 51.724137931034484 129.31034482758622 0.0 0.0 0.0
