0.5 169.8945607215614 5.0 50.06896551724138 125.17241379310346 0.0 0.0 0.0
1.263157894736842 167.18879196301128 5.0 50.06896551724138 125.17241379310346 0.0 0.0 0.0
2.026315789473684 169.28388575337064 5.0 50.06896551724138 125.17241379310346 0.0 0.0 0.0
2.7894736842105265 165.5550787521481 5.0 50.06896551724138 125.17241379310346 0.0 0.0 0.0
3.5526315789473686 166.74787521148318 5.0 50.06896551724138 125.17241379310346 0.0 0.0 0.0
4.315789473684211 166.55005508624114 5.0 50.06896551724138 125.17241379310346 0.0 0.0 0.0
5.078947368421053 164.38838037960056 5.0 50.06896551724138 125.17241379310346 0.0 0.0 0.0
5.842105263157895 168.8827963278832 5.0 50.06896551724138 125.17241379310346 0.0 0.0 0.0
6.605263157894737 168.84729874087301 5.0 50.06896551724138 125.17241379310346 0.0 0.0 0.0
7.36842105263158 168.67721580885464 5.0 50.06896551724138 125.17241379310346 0.0 0.0 0.0
8.131578947368421 171.50744868589086 5.0 50.06896551724138 125.17241379310346 0.0 0.0 0.0
8.894736842105264 171.24458612784684 5.0 50.06896551724138 125.17241379310346 0.0 0.0 0.0
9.657894736842106 165.77171765459053 5.0 50.06896551724138 125.17241379310346 0.0 0.0 0.0
10.421052631578949 168.01570867944048 5.0 50.06896551724138 125.17241379310346 0.0 0.0 0.0
11.18421052631579 165.0257496563633 5.0 50.06896551724138 125.17241379310346 0.0 0.0 0.0
11.947368421052632 166.9666176724816 5.0 50.06896551724138 125.17241379310346 0.0 0.0 0.0
12.710526315789474 165.09730337678135 5.0 50.06896551724138 125.17241379310346 0.0 0.0 0.0
13.473684210526317 171.7567626515461 5.0 50.06896551724138 125.17241379310346 0.0 0.0 0.0
14.23684210526316 167.98764617516682 5.0 50.06896551724138 125.17241379310346 0.0 0.0 0.0
15.0 166.24246433982466 5.0 50.06896551724138 125.17241379310346 0.0 0.0 0.0
