0.5 172.65968385000104 5.0 52.13793103448276 130.34482758620692 0.0 0.0 0.0
1.263157894736842 176.54203777149957 5.0 52.13793103448276 130.34482758620692 0.0 0.0 0.0
2.026315789473684 168.59347613864892 5.0 52.13793103448276 130.34482758620692 0.0 0.0 0.0
2.7894736842105265 176.37910359951226 5.0 52.13793103448276 130.34482758620692 0.0 0.0 0.0
3.5526315789473686 172.65404387284818 5.0 52.13793103448276 130.34482758620692 0.0 0.0 0.0
4.315789473684211 174.923946805362 5.0 52.13793103448276 130.34482758620692 0.0 0.0 0.0
5.078947368421053 170.41213971767328 5.0 52.13793103448276 130.34482758620692 0.0 0.0 0.0
5.842105263157895 177.77899664882418 5.0 52.13793103448276 130.34482758620692 0.0 0.0 0.0
6.605263157894737 177.5300083287915 5.0 52.13793103448276 130.34482758620692 0.0 0.0 0.0
7.36842105263158 176.6718750255261 5.0 52.13793103448276 130.34482758620692 0.0 0.0 0.0
8.131578947368421 169.24883912089524 5.0 52.13793103448276 130.34482758620692 0.0 0.0 0.0
8.894736842105264 176.28046666147404 5.0 52.13793103448276 130.34482758620692 0.0 0.0 0.0
9.657894736842106 175.007668711183 5.0 52.13793103448276 130.34482758620692 0.0 0.0 0.0
10.421052631578949 168.97728970687817 5.0 52.13793103448276 130.34482758620692 0.0 0.0 0.0
11.18421052631579 173.7202112969634 5.0 52.13793103448276 130.34482758620692 0.0 0.0 0.0
11.947368421052632 174.88670691537567 5.0 52.13793103448276 130.34482758620692 0.0 0.0 0.0
12.710526315789474 175.46132926974533 5.0 52.13793103448276 130.34482758620692 0.0 0.0 0.0
13.473684210526317 174.32488754912245 5.0 52.13793103448276 130.34482758620692 0.0 0.0 0.0
14.23684210526316 174.66679769881802 5.0 52.13793103448276 130.34482758620692 0.0 0.0 0.0
15.0 178.21393762503516 5.0 52.13793103448276 130.34482758620692 0.0 0.0 0.0
