0.5 178.8505155228355 5.0 52.55172413793104 131.3793103448276 0.0 0.0 0.0
1.263157894736842 166.57124893175524 5.0 52.55172413793104 131.3793103448276 0.0 0.0 0.0
2.026315789473684 174.22009812859042 5.0 52.55172413793104 131.3793103448276 0.0 0.0 0.0
2.7894736842105265 174.6784607104716 5.0 52.55172413793104 131.3793103448276 0.0 0.0 0.0
3.5526315789473686 169.91611807492254 5.0 52.55172413793104 131.3793103448276 0.0 0.0 0.0
4.315789473684211 175.45496296780038 5.0 52.55172413793104 131.3793103448276 0.0 0.0 0.0
5.078947368421053 178.918687110335 5.0 52.55172413793104 131.3793103448276 0.0 0.0 0.0
5.842105263157895 171.9127102143317 5.0 52.55172413793104 131.3793103448276 0.0 0.0 0.0
6.605263157894737 176.18161660917306 5.0 52.55172413793104 131.3793103448276 0.0 0.0 0.0
7.36842105263158 172.42494336121413 5.0 52.55172413793104 131.3793103448276 0.0 0.0 0.0
8.131578947368421 173.15667772206442 5.0 52.55172413793104 131.3793103448276 0.0 0.0 0.0
8.894736842105264 179.60459469561357 5.0 52.55172413793104 131.3793103448276 0.0 0.0 0.0
9.657894736842106 173.544740332768 5.0 52.55172413793104 131.3793103448276 0.0 0.0 0.0
10.421052631578949 176.55905126013533 5.0 52.55172413793104 131.3793103448276 0.0 0.0 0.0
11.18421052631579 169.5587594449205 5.0 52.55172413793104 131.3793103448276 0.0 0.0 0.0
11.947368421052632 180.7593664772881 5.0 52.55172413793104 131.3793103448276 0.0 0.0 0.0
12.710526315789474 176.98037113202295 5.0 52.55172413793104 131.3793103448276 0.0 0.0 0.0
13.473684210526317 174.62491426515268 5.0 52.55172413793104 131.3793103448276 0.0 0.0 0.0
14.23684210526316 176.89905332310315 5.0 52.55172413793104 131.3793103448276 0.0 0.0 0.0
15.0 170.94295550626003 5.0 52.55172413793104 131.3793103448276 0.0 0.0 0.0
