0.5 168.7529562144066 5.0 51.310344827586206 128.27586206896552 0.0 0.0 0.0
1.263157894736842 169.35222026635745 5.0 51.310344827586206 128.27586206896552 0.0 0.0 0.0
2.026315789473684 170.96773937407306 5.0 51.310344827586206 128.27586206896552 0.0 0.0 0.0
2.7894736842105265 166.34582972260114 5.0 51.310344827586206 128.27586206896552 0.0 0.0 0.0
3.5526315789473686 171.72079284540752 5.0 51.310344827586206 128.27586206896552 0.0 0.0 0.0
4.315789473684211 173.93688157739572 5.0 51.310344827586206 128.27586206896552 0.0 0.0 0.0
5.078947368421053 171.91328422911258 5.0 51.310344827586206 128.27586206896552 0.0 0.0 0.0
5.842105263157895 166.26779006608453 5.0 51.310344827586206 128.27586206896552 0.0 0.0 0.0
6.605263157894737 170.66305487563173 5.0 51.310344827586206 128.27586206896552 0.0 0.0 0.0
7.36842105263158 173.26056946755918 5.0 51.310344827586206 128.27586206896552 0.0 0.0 0.0
8.131578947368421 165.40051646072297 5.0 51.310344827586206 128.27586206896552 0.0 0.0 0.0
8.894736842105264 167.81018471716754 5.0 51.310344827586206 128.27586206896552 0.0 0.0 0.0
9.657894736842106 173.66411357086525 5.0 51.310344827586206 128.27586206896552 0.0 0.0 0.0
10.421052631578949 171.84476906121256 5.0 51.310344827586206 128.27586206896552 0.0 0.0 0.0
11.18421052631579 172.27039750500097 5.0 51.310344827586206 128.27586206896552 0.0 0.0 0.0
11.947368421052632 176.61296718149063 5.0 51.310344827586206 128.27586206896552 0.0 0.0 0.0
12.710526315789474 172.4401410941393 5.0 51.310344827586206 128.27586206896552 0.0 0.0 0.0
13.473684210526317 173.00814678992023 5.0 51.310344827586206 128.27586206896552 0.0 0.0 0.0
14.23684210526316 179.16671934027568 5.0 51.310344827586206 128.27586206896552 0.0 0.0 0.0
15.0 170.39306908434924 5.0 51.310344827586206 128.27586206896552 0.0 0.0 0.0
