0.5 164.0046225313697 5.0 49.241379310344826 123.10344827586206 0.0 0.0 0.0
1.263157894736842 168.00962232144627 5.0 49.241379310344826 123.10344827586206 0.0 0.0 0.0
2.026315789473684 165.37087876518538 5.0 49.241379310344826 123.10344827586206 0.0 0.0 0.0
2.7894736842105265 166.48560751162825 5.0 49.241379310344826 123.10344827586206 0.0 0.0 0.0
3.5526315789473686 161.43524004856903 5.0 49.241379310344826 123.10344827586206 0.0 0.0 0.0
4.315789473684211 165.7097838970608 5.0 49.241379310344826 123.10344827586206 0.0 0.0 0.0
5.078947368421053 166.3240737367058 5.0 49.241379310344826 123.10344827586206 0.0 0.0 0.0
5.842105263157895 162.40798915778169 5.0 49.241379310344826 123.10344827586206 0.0 0.0 0.0
6.605263157894737 165.81655214633125 5.0 49.241379310344826 123.10344827586206 0.0 0.0 0.0
7.36842105263158 165.83649431020726 5.0 49.241379310344826 123.10344827586206 0.0 0.0 0.0
8.131578947368421 162.48927317109252 5.0 49.241379310344826 123.10344827586206 0.0 0.0 0.0
8.894736842105264 160.76962573766977 5.0 49.241379310344826 123.10344827586206 0.0 0.0 0.0
9.657894736842106 160.58554603878795 5.0 49.241379310344826 123.10344827586206 0.0 0.0 0.0
10.421052631578949 164.39744766024714 5.0 49.241379310344826 123.10344827586206 0.0 0.0 0.0
11.18421052631579 165.1189606408507 5.0 49.241379310344826 123.10344827586206 0.0 0.0 0.0
11.947368421052632 161.760353543109 5.0 49.241379310344826 123.10344827586206 0.0 0.0 0.0
12.710526315789474 164.21768705846105 5.0 49.241379310344826 123.10344827586206 0.0 0.0 0.0
13.473684210526317 165.84954214289823 5.0 49.241379310344826 123.10344827586206 0.0 0.0 0.0
14.23684210526316 165.99250317847867 5.0 49.241379310344826 123.10344827586206 0.0 0.0 0.0
15.0 168.79357139485023 5.0 49.241379310344826 123.10344827586206 0.0 0.0 0.0
