0.5 169.34818387590448 5.0 49.6551724137931 124.13793103448276 0.0 0.0 0.0
1.263157894736842 162.5133670810407 5.0 49.6551724137931 124.13793103448276 0.0 0.0 0.0
2.026315789473684 170.5680000079244 5.0 49.6551724137931 124.13793103448276 0.0 0.0 0.0
2.7894736842105265 163.9243118656432 5.0 49.6551724137931 124.13793103448276 0.0 0.0 0.0
3.5526315789473686 168.65185981667364 5.0 49.6551724137931 124.13793103448276 0.0 0.0 0.0
4.315789473684211 165.7212012574636 5.0 49.6551724137931 124.13793103448276 0.0 0.0 0.0
5.078947368421053 164.28079324393946 5.0 49.6551724137931 124.13793103448276 0.0 0.0 0.0
5.842105263157895 160.09415079998556 5.0 49.6551724137931 124.13793103448276 0.0 0.0 0.0
6.605263157894737 165.0025478486613 5.0 49.6551724137931 124.13793103448276 0.0 0.0 0.0
7.36842105263158 160.8390916733935 5.0 49.6551724137931 124.13793103448276 0.0 0.0 0.0
8.131578947368421 168.41913908683867 5.0 49.6551724137931 124.13793103448276 0.0 0.0 0.0
8.894736842105264 170.06761935072808 5.0 49.6551724137931 124.13793103448276 0.0 0.0 0.0
9.657894736842106 163.12650841142028 5.0 49.6551724137931 124.13793103448276 0.0 0.0 0.0
10.421052631578949 166.42315360686817 5.0 49.6551724137931 124.13793103448276 0.0 0.0 0.0
11.18421052631579 163.34106681328643 5.0 49.6551724137931 124.13793103448276 0.0 0.0 0.0
11.947368421052632 163.63178718889998 5.0 49.6551724137931 124.13793103448276 0.0 0.0 0.0
12.710526315789474 167.84072549090646 5.0 49.6551724137931 124.13793103448276 0.0 0.0 0.0
13.473684210526317 165.40162659378012 5.0 49.6551724137931 124.13793103448276 0.0 0.0 0.0
14.23684210526316 170.73618550510338 5.0 49.6551724137931 124.13793103448276 0.0 0.0 0.0
15.0 164.07054394320159 5.0 49.6551724137931 124.13793103448276 0.0 0.0 0.0
