0.5 169.8156172942588 5.0 50.89655172413793 127.24137931034483 0.0 0.0 0.0
1.263157894736842 163.4019659488277 5.0 50.89655172413793 127.24137931034483 0.0 0.0 0.0
2.026315789473684 171.4979837288643 5.0 50.89655172413793 127.24137931034483 0.0 0.0 0.0
2.7894736842105265 171.91673762359414 5.0 50.89655172413793 127.24137931034483 0.0 0.0 0.0
3.5526315789473686 168.90186464968238 5.0 50.89655172413793 127.24137931034483 0.0 0.0 0.0
4.315789473684211 162.2130468838395 5.0 50.89655172413793 127.24137931034483 0.0 0.0 0.0
5.078947368421053 166.66591653578595 5.0 50.89655172413793 127.24137931034483 0.0 0.0 0.0
5.842105263157895 173.3538782161012 5.0 50.89655172413793 127.24137931034483 0.0 0.0 0.0
6.605263157894737 161.3211895716074 5.0 50.89655172413793 127.24137931034483 0.0 0.0 0.0
7.36842105263158 168.61260217721255 5.0 50.89655172413793 127.24137931034483 0.0 0.0 0.0
8.131578947368421 166.11517007839134 5.0 50.89655172413793 127.24137931034483 0.0 0.0 0.0
8.894736842105264 172.06888331854762 5.0 50.89655172413793 127.24137931034483 0.0 0.0 0.0
9.657894736842106 167.62983055736274 5.0 50.89655172413793 127.24137931034483 0.0 0.0 0.0
10.421052631578949 170.86703447599996 5.0 50.89655172413793 127.24137931034483 0.0 0.0 0.0
11.18421052631579 171.3515536713004 5.0 50.89655172413793 127.24137931034483 0.0 0.0 0.0
11.947368421052632 175.16384993298317 5.0 50.89655172413793 127.24137931034483 0.0 0.0 0.0
12.710526315789474 169.046346582767 5.0 50.89655172413793 127.24137931034483 0.0 0.0 0.0
13.473684210526317 170.78330552266095 5.0 50.89655172413793 127.24137931034483 0.0 0.0 0.0
14.23684210526316 165.2000059764108 5.0 50.89655172413793 127.24137931034483 0.0 0.0 0.0
15.0 173.22641310367433 5.0 50.89655172413793 127.24137931034483 0.0 0.0 0.0
