0.5 171.85671778453465 5.0 50.48275862068966 126.20689655172414 0.0 0.0 0.0
1.263157894736842 161.7640158395793 5.0 50.48275862068966 126.20689655172414 0.0 0.0 0.0
2.026315789473684 162.23355428436966 5.0 50.48275862068966 126.20689655172414 0.0 0.0 0.0
2.7894736842105265 170.66337803462486 5.0 50.48275862068966 126.20689655172414 0.0 0.0 0.0
3.5526315789473686 168.45726741331762 5.0 50.48275862068966 126.20689655172414 0.0 0.0 0.0
4.315789473684211 169.0272009697478 5.0 50.48275862068966 126.20689655172414 0.0 0.0 0.0
5.078947368421053 164.29667375900988 5.0 50.48275862068966 126.20689655172414 0.0 0.0 0.0
5.842105263157895 168.20616093641442 5.0 50.48275862068966 126.20689655172414 0.0 0.0 0.0
6.605263157894737 174.28639030016956 5.0 50.48275862068966 126.20689655172414 0.0 0.0 0.0
7.36842105263158 170.74846092835313 5.0 50.48275862068966 126.20689655172414 0.0 0.0 0.0
8.131578947368421 168.78498170439397 5.0 50.48275862068966 126.20689655172414 0.0 0.0 0.0
8.894736842105264 166.95870033865071 5.0 50.48275862068966 126.20689655172414 0.0 0.0 0.0
9.657894736842106 167.09214351335734 5.0 50.48275862068966 126.20689655172414 0.0 0.0 0.0
10.421052631578949 161.88826840136548 5.0 50.48275862068966 126.20689655172414 0.0 0.0 0.0
11.18421052631579 169.048783331729 5.0 50.48275862068966 126.20689655172414 0.0 0.0 0.0
11.947368421052632 170.8123113944111 5.0 50.48275862068966 126.20689655172414 0.0 0.0 0.0
12.710526315789474 163.54900408745368 5.0 50.48275862068966 126.20689655172414 0.0 0.0 0.0
13.473684210526317 166.29161139204507 5.0 50.48275862068966 126.20689655172414 0.0 0.0 0.0
14.23684210526316 164.80346817226527 5.0 50.48275862068966 126.20689655172414 0.0 0.0 0.0
15.0 165.37980848453924 5.0 50.48275862068966 126.20689655172414 0.0 0.0 0.0
