0.5 185.42419708272158 5.0 55.86206896551724 139.65517241379308 0.0 0.0 0.0
1.263157894736842 188.7266643671225 5.0 55.86206896551724 139.65517241379308 0.0 0.0 0.0
2.026315789473684 186.91776271788186 5.0 55.86206896551724 139.65517241379308 0.0 0.0 0.0
2.7894736842105265 185.89202208372362 5.0 55.86206896551724 139.65517241379308 0.0 0.0 0.0
3.5526315789473686 190.2984475265222 5.0 55.86206896551724 139.65517241379308 0.0 0.0 0.0
4.315789473684211 185.49692007776844 5.0 55.86206896551724 139.65517241379308 0.0 0.0 0.0
5.078947368421053 180.86468222903372 5.0 55.86206896551724 139.65517241379308 0.0 0.0 0.0
5.842105263157895 183.79717627586902 5.0 55.86206896551724 139.65517241379308 0.0 0.0 0.0
6.605263157894737 187.86047173782922 5.0 55.86206896551724 139.65517241379308 0.0 0.0 0.0
7.36842105263158 187.39342387081166 5.0 55.86206896551724 139.65517241379308 0.0 0.0 0.0
8.131578947368421 181.5057218010178 5.0 55.86206896551724 139.65517241379308 0.0 0.0 0.0
8.894736842105264 184.03386899349954 5.0 55.86206896551724 139.65517241379308 0.0 0.0 0.0
9.657894736842106 184.46173250411738 5.0 55.86206896551724 139.65517241379308 0.0 0.0 0.0
10.421052631578949 185.11048776938145 5.0 55.86206896551724 139.65517241379308 0.0 0.0 0.0
11.18421052631579 182.07915578591948 5.0 55.86206896551724 139.65517241379308 0.0 0.0 0.0
11.947368421052632 184.3217832273657 5.0 55.86206896551724 139.65517241379308 0.0 0.0 0.0
12.710526315789474 184.02106509594554 5.0 55.86206896551724 139.65517241379308 0.0 0.0 0.0
13.473684210526317 188.5214963310099 5.0 55.86206896551724 139.65517241379308 0.0 0.0 0.0
14.23684210526316 188.63426048469486 5.0 55.86206896551724 139.65517241379308 0.0 0.0 0.0
15.0 185.76946517745768 5.0 55.86206896551724 139.65517241379308 0.0 0.0 0.0
