0.5 181.0235444563646 5.0 55.44827586206897 138.62068965517244 0.0 0.0 0.0
1.263157894736842 176.57855814800484 5.0 55.44827586206897 138.62068965517244 0.0 0.0 0.0
2.026315789473684 184.12520959504783 5.0 55.44827586206897 138.62068965517244 0.0 0.0 0.0
2.7894736842105265 184.26243382510341 5.0 55.44827586206897 138.62068965517244 0.0 0.0 0.0
3.5526315789473686 183.55419807755086 5.0 55.44827586206897 138.62068965517244 0.0 0.0 0.0
4.315789473684211 188.06422332398577 5.0 55.44827586206897 138.62068965517244 0.0 0.0 0.0
5.078947368421053 188.42314571644664 5.0 55.44827586206897 138.62068965517244 0.0 0.0 0.0
5.842105263157895 184.31642093682822 5.0 55.44827586206897 138.62068965517244 0.0 0.0 0.0
6.605263157894737 178.423505204466 5.0 55.44827586206897 138.62068965517244 0.0 0.0 0.0
7.36842105263158 186.67943094837335 5.0 55.44827586206897 138.62068965517244 0.0 0.0 0.0
8.131578947368421 186.49366689242228 5.0 55.44827586206897 138.62068965517244 0.0 0.0 0.0
8.894736842105264 185.7557609173674 5.0 55.44827586206897 138.62068965517244 0.0 0.0 0.0
9.657894736842106 187.77202545482092 5.0 55.44827586206897 138.62068965517244 0.0 0.0 0.0
10.421052631578949 181.33310191751346 5.0 55.44827586206897 138.62068965517244 0.0 0.0 0.0
11.18421052631579 190.85385236545198 5.0 55.44827586206897 138.62068965517244 0.0 0.0 0.0
11.947368421052632 181.94930294747095 5.0 55.44827586206897 138.62068965517244 0.0 0.0 0.0
12.710526315789474 187.07525498849913 5.0 55.44827586206897 138.62068965517244 0.0 0.0 0.0
13.473684210526317 179.76554312365653 5.0 55.44827586206897 138.62068965517244 0.0 0.0 0.0
14.23684210526316 182.03679214508642 5.0 55.44827586206897 138.62068965517244 0.0 0.0 0.0
15.0 189.3766921470726 5.0 55.44827586206897 138.62068965517244 0.0 0.0 0.0
