0.5 186.41008750893954 5.0 56.27586206896552 140.6896551724138 0.0 0.0 0.0
1.263157894736842 188.00597983266908 5.0 56.27586206896552 140.6896551724138 0.0 0.0 0.0
2.026315789473684 185.136481574185 5.0 56.27586206896552 140.6896551724138 0.0 0.0 0.0
2.7894736842105265 184.1457106500494 5.0 56.27586206896552 140.6896551724138 0.0 0.0 0.0
3.5526315789473686 184.76554326977458 5.0 56.27586206896552 140.6896551724138 0.0 0.0 0.0
4.315789473684211 185.68176740463738 5.0 56.27586206896552 140.6896551724138 0.0 0.0 0.0
5.078947368421053 184.09578549717494 5.0 56.27586206896552 140.6896551724138 0.0 0.0 0.0
5.842105263157895 188.07238557374038 5.0 56.27586206896552 140.6896551724138 0.0 0.0 0.0
6.605263157894737 189.77535391790286 5.0 56.27586206896552 140.6896551724138 0.0 0.0 0.0
7.36842105263158 182.82491199415702 5.0 56.27586206896552 140.6896551724138 0.0 0.0 0.0
8.131578947368421 187.66159303019984 5.0 56.27586206896552 140.6896551724138 0.0 0.0 0.0
8.894736842105264 186.92639951075273 5.0 56.27586206896552 140.6896551724138 0.0 0.0 0.0
9.657894736842106 188.61073295316214 5.0 56.27586206896552 140.6896551724138 0.0 0.0 0.0
10.421052631578949 187.547390592241 5.0 56.27586206896552 140.6896551724138 0.0 0.0 0.0
11.18421052631579 183.22540905675686 5.0 56.27586206896552 140.6896551724138 0.0 0.0 0.0
11.947368421052632 183.79903899998024 5.0 56.27586206896552 140.6896551724138 0.0 0.0 0.0
12.710526315789474 187.67447762330667 5.0 56.27586206896552 140.6896551724138 0.0 0.0 0.0
13.473684210526317 190.67254965578826 5.0 56.27586206896552 140.6896551724138 0.0 0.0 0.0
14.23684210526316 180.94364478342274 5.0 56.27586206896552 140.6896551724138 0.0 0.0 0.0
15.0 188.62338663595648 5.0 56.27586206896552 140.6896551724138 0.0 0.0 0.0
