0.5 192.53438325724224 5.0 56.68965517241379 141.72413793103448 0.0 0.0 0.0
1.263157894736842 188.50643961276066 5.0 56.68965517241379 141.72413793103448 0.0 0.0 0.0
2.026315789473684 190.61612472945862 5.0 56.68965517241379 141.72413793103448 0.0 0.0 0.0
2.7894736842105265 186.8563099986859 5.0 56.68965517241379 141.72413793103448 0.0 0.0 0.0
3.5526315789473686 188.60741864354867 5.0 56.68965517241379 141.72413793103448 0.0 0.0 0.0
4.315789473684211 184.10277668645486 5.0 56.68965517241379 141.72413793103448 0.0 0.0 0.0
5.078947368421053 181.9324873161227 5.0 56.68965517241379 141.72413793103448 0.0 0.0 0.0
5.842105263157895 191.79381464505514 5.0 56.68965517241379 141.72413793103448 0.0 0.0 0.0
6.605263157894737 186.01053245820597 5.0 56.68965517241379 141.72413793103448 0.0 0.0 0.0
7.36842105263158 187.59893370636902 5.0 56.68965517241379 141.72413793103448 0.0 0.0 0.0
8.131578947368421 184.80619048156873 5.0 56.68965517241379 141.72413793103448 0.0 0.0 0.0
8.894736842105264 184.73560813212768 5.0 56.68965517241379 141.72413793103448 0.0 0.0 0.0
9.657894736842106 188.44400414109546 5.0 56.68965517241379 141.72413793103448 0.0 0.0 0.0
10.421052631578949 186.77678565897236 5.0 56.68965517241379 141.72413793103448 0.0 0.0 0.0
11.18421052631579 190.0994302353634 5.0 56.68965517241379 141.72413793103448 0.0 0.0 0.0
11.947368421052632 190.32313249831807 5.0 56.68965517241379 141.72413793103448 0.0 0.0 0.0
12.710526315789474 189.9280661803531 5.0 56.68965517241379 141.72413793103448 0.0 0.0 0.0
13.473684210526317 189.68131961416464 5.0 56.68965517241379 141.72413793103448 0.0 0.0 0.0
14.23684210526316 193.69882185617496 5.0 56.68965517241379 141.72413793103448 0.0 0.0 0.0
15.0 185.76273593424463 5.0 56.68965517241379 141.72413793103448 0.0 0.0 0.0
