0.5 177.2793560081026 5.0 53.37931034482759 133.44827586206898 0.0 0.0 0.0
1.263157894736842 177.30280800163982 5.0 53.37931034482759 133.44827586206898 0.0 0.0 0.0
2.026315789473684 179.10262627171718 5.0 53.37931034482759 133.44827586206898 0.0 0.0 0.0
2.7894736842105265 182.1345933078603 5.0 53.37931034482759 133.44827586206898 0.0 0.0 0.0
3.5526315789473686 178.4749771363429 5.0 53.37931034482759 133.44827586206898 0.0 0.0 0.0
4.315789473684211 175.19670361334676 5.0 53.37931034482759 133.44827586206898 0.0 0.0 0.0
5.078947368421053 180.4043156699136 5.0 53.37931034482759 133.44827586206898 0.0 0.0 0.0
5.842105263157895 180.694486721943 5.0 53.37931034482759 133.44827586206898 0.0 0.0 0.0
6.605263157894737 179.895013068102 5.0 53.37931034482759 133.44827586206898 0.0 0.0 0.0
7.36842105263158 180.16753120233358 5.0 53.37931034482759 133.44827586206898 0.0 0.0 0.0
8.131578947368421 177.11825009228522 5.0 53.37931034482759 133.44827586206898 0.0 0.0 0.0
8.894736842105264 175.1440669813669 5.0 53.37931034482759 133.44827586206898 0.0 0.0 0.0
9.657894736842106 175.3264541908363 5.0 53.37931034482759 133.44827586206898 0.0 0.0 0.0
10.421052631578949 173.02464473738507 5.0 53.37931034482759 133.44827586206898 0.0 0.0 0.0
11.18421052631579 178.64188031739647 5.0 53.37931034482759 133.44827586206898 0.0 0.0 0.0
11.947368421052632 177.68068813307886 5.0 53.37931034482759 133.44827586206898 0.0 0.0 0.0
12.710526315789474 176.6110713691695 5.0 53.37931034482759 133.44827586206898 0.0 0.0 0.0
13.473684210526317 169.06417800972343 5.0 53.37931034482759 133.44827586206898 0.0 0.0 0.0
14.23684210526316 174.18908207367613 5.0 53.37931034482759 133.44827586206898 0.0 0.0 0.0
15.0 181.29355643696815 5.0 53.37931034482759 133.44827586206898 0.0 0.0 0.0
