0.5 183.57853689216213 5.0 54.206896551724135 135.51724137931035 0.0 0.0 0.0
1.263157894736842 178.51582201786061 5.0 54.206896551724135 135.51724137931035 0.0 0.0 0.0
2.026315789473684 178.12837750465155 5.0 54.206896551724135 135.51724137931035 0.0 0.0 0.0
2.7894736842105265 182.06877303745875 5.0 54.206896551724135 135.51724137931035 0.0 0.0 0.0
3.5526315789473686 183.65531489980972 5.0 54.206896551724135 135.51724137931035 0.0 0.0 0.0
4.315789473684211 180.81042467841516 5.0 54.206896551724135 135.51724137931035 0.0 0.0 0.0
5.078947368421053 176.8304751671627 5.0 54.206896551724135 135.51724137931035 0.0 0.0 0.0
5.842105263157895 176.6088800735458 5.0 54.206896551724135 135.51724137931035 0.0 0.0 0.0
6.605263157894737 176.40824596585506 5.0 54.206896551724135 135.51724137931035 0.0 0.0 0.0
7.36842105263158 175.38678883359563 5.0 54.206896551724135 135.51724137931035 0.0 0.0 0.0
8.131578947368421 181.01811125075506 5.0 54.206896551724135 135.51724137931035 0.0 0.0 0.0
8.894736842105264 184.06478693753786 5.0 54.206896551724135 135.51724137931035 0.0 0.0 0.0
9.657894736842106 180.64940781163935 5.0 54.206896551724135 135.51724137931035 0.0 0.0 0.0
10.421052631578949 173.9084109004002 5.0 54.206896551724135 135.51724137931035 0.0 0.0 0.0
11.18421052631579 180.11737379141013 5.0 54.206896551724135 135.51724137931035 0.0 0.0 0.0
11.947368421052632 180.20125818251597 5.0 54.206896551724135 135.51724137931035 0.0 0.0 0.0
12.710526315789474 186.9776514230901 5.0 54.206896551724135 135.51724137931035 0.0 0.0 0.0
13.473684210526317 176.31824143365512 5.0 54.206896551724135 135.51724137931035 0.0 0.0 0.0
14.23684210526316 179.5176223646162 5.0 54.206896551724135 135.51724137931035 0.0 0.0 0.0
15.0 185.80721321404747 5.0 54.206896551724135 135.51724137931035 0.0 0.0 0.0
