0.5 181.74939111532592 5.0 55.03448275862068 137.58620689655172 0.0 0.0 0.0
1.263157894736842 181.57446563742343 5.0 55.03448275862068 137.58620689655172 0.0 0.0 0.0
2.026315789473684 187.42371604869348 5.0 55.03448275862068 137.58620689655172 0.0 0.0 0.0
2.7894736842105265 184.43914569891874 5.0 55.03448275862068 137.58620689655172 0.0 0.0 0.0
3.5526315789473686 182.81307445443576 5.0 55.03448275862068 137.58620689655172 0.0 0.0 0.0
4.315789473684211 184.9444341852781 5.0 55.03448275862068 137.58620689655172 0.0 0.0 0.0
5.078947368421053 177.1266988200799 5.0 55.03448275862068 137.58620689655172 0.0 0.0 0.0
5.842105263157895 183.31887509314623 5.0 55.03448275862068 137.58620689655172 0.0 0.0 0.0
6.605263157894737 189.44081839548323 5.0 55.03448275862068 137.58620689655172 0.0 0.0 0.0
7.36842105263158 183.84531538127698 5.0 55.03448275862068 137.58620689655172 0.0 0.0 0.0
8.131578947368421 183.65201536957696 5.0 55.03448275862068 137.58620689655172 0.0 0.0 0.0
8.894736842105264 185.09266100099555 5.0 55.03448275862068 137.58620689655172 0.0 0.0 0.0
9.657894736842106 186.135091592012 5.0 55.03448275862068 137.58620689655172 0.0 0.0 0.0
10.421052631578949 177.45587578339936 5.0 55.03448275862068 137.58620689655172 0.0 0.0 0.0
11.18421052631579 178.40129641669589 5.0 55.03448275862068 137.58620689655172 0.0 0.0 0.0
11.947368421052632 184.0791497353274 5.0 55.03448275862068 137.58620689655172 0.0 0.0 0.0
12.710526315789474 181.30364617637642 5.0 55.03448275862068 137.58620689655172 0.0 0.0 0.0
13.473684210526317 187.38435164872868 5.0 55.03448275862068 137.58620689655172 0.0 0.0 0.0
14.23684210526316 182.50275269241328 5.0 55.03448275862068 137.58620689655172 0.0 0.0 0.0
15.0 177.6446836549296 5.0 55.03448275862068 137.58620689655172 0.0 0.0 0.0
