0.5 183.41890054128103 5.0 54.62068965517242 136.55172413793105 0.0 0.0 0.0
1.263157894736842 183.75890473779066 5.0 54.62068965517242 136.55172413793105 0.0 0.0 0.0
2.026315789473684 182.41271882831302 5.0 54.62068965517242 136.55172413793105 0.0 0.0 0.0
2.7894736842105265 183.05879613321318 5.0 54.62068965517242 136.55172413793105 0.0 0.0 0.0
3.5526315789473686 184.401794108077 5.0 54.62068965517242 136.55172413793105 0.0 0.0 0.0
4.315789473684211 179.6405065605631 5.0 54.62068965517242 136.55172413793105 0.0 0.0 0.0
5.078947368421053 184.70314125396598 5.0 54.62068965517242 136.55172413793105 0.0 0.0 0.0
5.842105263157895 177.94995646658478 5.0 54.62068965517242 136.55172413793105 0.0 0.0 0.0
6.605263157894737 183.054069435736 5.0 54.62068965517242 136.55172413793105 0.0 0.0 0.0
7.36842105263158 182.60518840710037 5.0 54.62068965517242 136.55172413793105 0.0 0.0 0.0
8.131578947368421 180.22008625266508 5.0 54.62068965517242 136.55172413793105 0.0 0.0 0.0
8.894736842105264 182.00090969126447 5.0 54.62068965517242 136.55172413793105 0.0 0.0 0.0
9.657894736842106 180.20134505924474 5.0 54.62068965517242 136.55172413793105 0.0 0.0 0.0
10.421052631578949 178.85386153665615 5.0 54.62068965517242 136.55172413793105 0.0 0.0 0.0
11.18421052631579 181.00812129240046 5.0 54.62068965517242 136.55172413793105 0.0 0.0 0.0
11.947368421052632 178.75699961112642 5.0 54.62068965517242 136.55172413793105 0.0 0.0 0.0
12.710526315789474 183.03735790952115 5.0 54.62068965517242 136.55172413793105 0.0 0.0 0.0
13.473684210526317 178.6187090347843 5.0 54.62068965517242 136.55172413793105 0.0 0.0 0.0
14.23684210526316 184.20489658621455 5.0 54.62068965517242 136.55172413793105 0.0 0.0 0.0
15.0 178.52452831345494 5.0 54.62068965517242 136.55172413793105 0.0 0.0 0.0
