0.5 193.8575202398278 5.0 59.172413793103445 147.9310344827586 0.0 0.0 0.0
1.263157894736842 195.76117528919679 5.0 59.172413793103445 147.9310344827586 0.0 0.0 0.0
2.026315789473684 197.66563773036646 5.0 59.172413793103445 147.9310344827586 0.0 0.0 0.0
2.7894736842105265 190.26526518572197 5.0 59.172413793103445 147.9310344827586 0.0 0.0 0.0
3.5526315789473686 197.9518576607089 5.0 59.172413793103445 147.9310344827586 0.0 0.0 0.0
4.315789473684211 202.95010169716733 5.0 59.172413793103445 147.9310344827586 0.0 0.0 0.0
5.078947368421053 195.88106441523905 5.0 59.172413793103445 147.9310344827586 0.0 0.0 0.0
5.842105263157895 198.02080288076135 5.0 59.172413793103445 147.9310344827586 0.0 0.0 0.0
6.605263157894737 200.31614438972102 5.0 59.172413793103445 147.9310344827586 0.0 0.0 0.0
7.36842105263158 196.74951881026382 5.0 59.172413793103445 147.9310344827586 0.0 0.0 0.0
8.131578947368421 195.49849874475038 5.0 59.172413793103445 147.9310344827586 0.0 0.0 0.0
8.894736842105264 190.41417009917956 5.0 59.172413793103445 147.9310344827586 0.0 0.0 0.0
9.657894736842106 199.16435146852976 5.0 59.172413793103445 147.9310344827586 0.0 0.0 0.0
10.421052631578949 196.90187408115813 5.0 59.172413793103445 147.9310344827586 0.0 0.0 0.0
11.18421052631579 194.20332775618033 5.0 59.172413793103445 147.9310344827586 0.0 0.0 0.0
11.947368421052632 197.6211694411779 5.0 59.172413793103445 147.9310344827586 0.0 0.0 0.0
12.710526315789474 195.49033823992627 5.0 59.172413793103445 147.9310344827586 0.0 0.0 0.0
13.473684210526317 195.65610091699824 5.0 59.172413793103445 147.9310344827586 0.0 0.0 0.0
14.23684210526316 199.06025277867096 5.0 59.172413793103445 147.9310344827586 0.0 0.0 0.0
15.0 193.2262320763733 5.0 59.172413793103445 147.9310344827586 0.0 0.0 0.0
