0.5 190.18002298759816 5.0 57.10344827586207 142.75862068965517 0.0 0.0 0.0
1.263157894736842 193.7428970477657 5.0 57.10344827586207 142.75862068965517 0.0 0.0 0.0
2.026315789473684 194.13844701422101 5.0 57.10344827586207 142.75862068965517 0.0 0.0 0.0
2.7894736842105265 186.0795366381732 5.0 57.10344827586207 142.75862068965517 0.0 0.0 0.0
3.5526315789473686 189.4077612612393 5.0 57.10344827586207 142.75862068965517 0.0 0.0 0.0
4.315789473684211 194.4191908738087 5.0 57.10344827586207 142.75862068965517 0.0 0.0 0.0
5.078947368421053 191.8690649018041 5.0 57.10344827586207 142.75862068965517 0.0 0.0 0.0
5.842105263157895 190.93061668064624 5.0 57.10344827586207 142.75862068965517 0.0 0.0 0.0
6.605263157894737 189.69177350590294 5.0 57.10344827586207 142.75862068965517 0.0 0.0 0.0
7.36842105263158 189.1934248090837 5.0 57.10344827586207 142.75862068965517 0.0 0.0 0.0
8.131578947368421 191.2094847754779 5.0 57.10344827586207 142.75862068965517 0.0 0.0 0.0
8.894736842105264 189.58770521125348 5.0 57.10344827586207 142.75862068965517 0.0 0.0 0.0
9.657894736842106 190.2170917230736 5.0 57.10344827586207 142.75862068965517 0.0 0.0 0.0
10.421052631578949 190.58062370455204 5.0 57.10344827586207 142.75862068965517 0.0 0.0 0.0
11.18421052631579 188.31061300072642 5.0 57.10344827586207 142.75862068965517 0.0 0.0 0.0
11.947368421052632 191.94121570785123 5.0 57.10344827586207 142.75862068965517 0.0 0.0 0.0
12.710526315789474 199.0875615314532 5.0 57.10344827586207 142.75862068965517 0.0 0.0 0.0
13.473684210526317 185.0138676682287 5.0 57.10344827586207 142.75862068965517 0.0 0.0 0.0
14.23684210526316 191.31686515877686 5.0 57.10344827586207 142.75862068965517 0.0 0.0 0.0
15.0 188.0642573203502 5.0 57.10344827586207 142.75862068965517 0.0 0.0 0.0
