0.5 201.76263551339372 5.0 59.58620689655173 148.96551724137933 0.0 0.0 0.0
1.263157894736842 194.42763116581722 5.0 59.58620689655173 148.96551724137933 0.0 0.0 0.0
2.026315789473684 196.63258543010664 5.0 59.58620689655173 148.96551724137933 0.0 0.0 0.0
2.7894736842105265 204.38952823737216 5.0 59.58620689655173 148.96551724137933 0.0 0.0 0.0
3.5526315789473686 202.0027539400997 5.0 59.58620689655173 148.96551724137933 0.0 0.0 0.0
4.315789473684211 198.91350163265875 5.0 59.58620689655173 148.96551724137933 0.0 0.0 0.0
5.078947368421053 195.7990990086688 5.0 59.58620689655173 148.96551724137933 0.0 0.0 0.0
5.842105263157895 197.03287273507277 5.0 59.58620689655173 148.96551724137933 0.0 0.0 0.0
6.605263157894737 198.84051559892953 5.0 59.58620689655173 148.96551724137933 0.0 0.0 0.0
7.36842105263158 198.73325935219123 5.0 59.58620689655173 148.96551724137933 0.0 0.0 0.0
8.131578947368421 198.34807686629455 5.0 59.58620689655173 148.96551724137933 0.0 0.0 0.0
8.894736842105264 198.5281921129199 5.0 59.58620689655173 148.96551724137933 0.0 0.0 0.0
9.657894736842106 197.9775643260571 5.0 59.58620689655173 148.96551724137933 0.0 0.0 0.0
10.421052631578949 194.2947534482524 5.0 59.58620689655173 148.96551724137933 0.0 0.0 0.0
11.18421052631579 197.07115742868993 5.0 59.58620689655173 148.96551724137933 0.0 0.0 0.0
11.947368421052632 201.364561817133 5.0 59.58620689655173 148.96551724137933 0.0 0.0 0.0
12.710526315789474 194.5156867625191 5.0 59.58620689655173 148.96551724137933 0.0 0.0 0.0
13.473684210526317 198.0520231205546 5.0 59.58620689655173 148.96551724137933 0.0 0.0 0.0
14.23684210526316 196.1614278688599 5.0 59.58620689655173 148.96551724137933 0.0 0.0 0.0
15.0 198.95474094336677 5.0 59.58620689655173 148.96551724137933 0.0 0.0 0.0
