0.5 188.69010257270742 5.0 57.931034482758626 144.82758620689657 0.0 0.0 0.0
1.263157894736842 194.61259428099268 5.0 57.931034482758626 144.82758620689657 0.0 0.0 0.0
2.026315789473684 185.86112472276898 5.0 57.931034482758626 144.82758620689657 0.0 0.0 0.0
2.7894736842105265 195.04863030957824 5.0 57.931034482758626 144.82758620689657 0.0 0.0 0.0
3.5526315789473686 188.6271307694431 5.0 57.931034482758626 144.82758620689657 0.0 0.0 0.0
4.315789473684211 193.2638220137145 5.0 57.931034482758626 144.82758620689657 0.0 0.0 0.0
5.078947368421053 192.74594176387833 5.0 57.931034482758626 144.82758620689657 0.0 0.0 0.0
5.842105263157895 196.61206271774375 5.0 57.931034482758626 144.82758620689657 0.0 0.0 0.0
6.605263157894737 192.5674827688204 5.0 57.931034482758626 144.82758620689657 0.0 0.0 0.0
7.36842105263158 191.0210325924251 5.0 57.931034482758626 144.82758620689657 0.0 0.0 0.0
8.131578947368421 191.58364018794848 5.0 57.931034482758626 144.82758620689657 0.0 0.0 0.0
8.894736842105264 196.92209658212607 5.0 57.931034482758626 144.82758620689657 0.0 0.0 0.0
9.657894736842106 194.71233918340477 5.0 57.931034482758626 144.82758620689657 0.0 0.0 0.0
10.421052631578949 191.9465583312926 5.0 57.931034482758626 144.82758620689657 0.0 0.0 0.0
11.18421052631579 192.39410901596855 5.0 57.931034482758626 144.82758620689657 0.0 0.0 0.0
11.947368421052632 188.40191700410574 5.0 57.931034482758626 144.82758620689657 0.0 0.0 0.0
12.710526315789474 194.26887087841672 5.0 57.931034482758626 144.82758620689657 0.0 0.0 0.0
13.473684210526317 187.8240011527757 5.0 57.931034482758626 144.82758620689657 0.0 0.0 0.0
14.23684210526316 195.35883767336847 5.0 57.931034482758626 144.82758620689657 0.0 0.0 0.0
15.0 193.48931305333588 5.0 57.931034482758626 144.82758620689657 0.0 0.0 0.0
