0.5 201.64361401941142 5.0 58.34482758620689 145.86206896551724 0.0 0.0 0.0
1.263157894736842 191.18235195951672 5.0 58.34482758620689 145.86206896551724 0.0 0.0 0.0
2.026315789473684 194.17477234756774 5.0 58.34482758620689 145.86206896551724 0.0 0.0 0.0
2.7894736842105265 199.87762172345884 5.0 58.34482758620689 145.86206896551724 0.0 0.0 0.0
3.5526315789473686 198.05692754156388 5.0 58.34482758620689 145.86206896551724 0.0 0.0 0.0
4.315789473684211 192.39412246594995 5.0 58.34482758620689 145.86206896551724 0.0 0.0 0.0
5.078947368421053 195.15466090581 5.0 58.34482758620689 145.86206896551724 0.0 0.0 0.0
5.842105263157895 194.48875668993492 5.0 58.34482758620689 145.86206896551724 0.0 0.0 0.0
6.605263157894737 195.32862622287212 5.0 58.34482758620689 145.86206896551724 0.0 0.0 0.0
7.36842105263158 192.38671731273516 5.0 58.34482758620689 145.86206896551724 0.0 0.0 0.0
8.131578947368421 194.21479741258744 5.0 58.34482758620689 145.86206896551724 0.0 0.0 0.0
8.894736842105264 189.6886014948595 5.0 58.34482758620689 145.86206896551724 0.0 0.0 0.0
9.657894736842106 194.8881289762939 5.0 58.34482758620689 145.86206896551724 0.0 0.0 0.0
10.421052631578949 195.83282064095513 5.0 58.34482758620689 145.86206896551724 0.0 0.0 0.0
11.18421052631579 193.800500382758 5.0 58.34482758620689 145.86206896551724 0.0 0.0 0.0
11.947368421052632 189.6376059489353 5.0 58.34482758620689 145.86206896551724 0.0 0.0 0.0
12.710526315789474 197.44835420924403 5.0 58.34482758620689 145.86206896551724 0.0 0.0 0.0
13.473684210526317 195.57633373466805 5.0 58.34482758620689 145.86206896551724 0.0 0.0 0.0
14.23684210526316 192.3047133275867 5.0 58.34482758620689 145.86206896551724 0.0 0.0 0.0
15.0 193.64095728017546 5.0 58.34482758620689 145.86206896551724 0.0 0.0 0.0
