0.5 193.45634566359223 5.0 57.51724137931034 143.79310344827587 0.0 0.0 0.0
1.263157894736842 191.86381035101806 5.0 57.51724137931034 143.79310344827587 0.0 0.0 0.0
2.026315789473684 194.00970225316186 5.0 57.51724137931034 143.79310344827587 0.0 0.0 0.0
2.7894736842105265 195.25065766056082 5.0 57.51724137931034 143.79310344827587 0.0 0.0 0.0
3.5526315789473686 192.30140128433902 5.0 57.51724137931034 143.79310344827587 0.0 0.0 0.0
4.315789473684211 195.12029479627702 5.0 57.51724137931034 143.79310344827587 0.0 0.0 0.0
5.078947368421053 184.69124424966844 5.0 57.51724137931034 143.79310344827587 0.0 0.0 0.0
5.842105263157895 196.49549482478255 5.0 57.51724137931034 143.79310344827587 0.0 0.0 0.0
6.605263157894737 192.8493243867115 5.0 57.51724137931034 143.79310344827587 0.0 0.0 0.0
7.36842105263158 194.95766799827 5.0 57.51724137931034 143.79310344827587 0.0 0.0 0.0
8.131578947368421 188.0645106965099 5.0 57.51724137931034 143.79310344827587 0.0 0.0 0.0
8.894736842105264 189.23182828621847 5.0 57.51724137931034 143.79310344827587 0.0 0.0 0.0
9.657894736842106 192.1619528134688 5.0 57.51724137931034 143.79310344827587 0.0 0.0 0.0
10.421052631578949 191.67302426302209 5.0 57.51724137931034 143.79310344827587 0.0 0.0 0.0
11.18421052631579 192.57334369506444 5.0 57.51724137931034 143.79310344827587 0.0 0.0 0.0
11.947368421052632 194.97768341382437 5.0 57.51724137931034 143.79310344827587 0.0 0.0 0.0
12.710526315789474 186.42847698512594 5.0 57.51724137931034 143.79310344827587 0.0 0.0 0.0
13.473684210526317 194.6455951461864 5.0 57.51724137931034 143.79310344827587 0.0 0.0 0.0
14.23684210526316 191.74898366090827 5.0 57.51724137931034 143.79310344827587 0.0 0.0 0.0
15.0 191.11279234766084 5.0 57.51724137931034 143.79310344827587 0.0 0.0 0.0
