0.5 191.36006075717174 5.0 58.758620689655174 146.89655172413796 0.0 0.0 0.0
1.263157894736842 192.78583858218354 5.0 58.758620689655174 146.89655172413796 0.0 0.0 0.0
2.026315789473684 194.24863492644585 5.0 58.758620689655174 146.89655172413796 0.0 0.0 0.0
2.7894736842105265 199.5473314023577 5.0 58.758620689655174 146.89655172413796 0.0 0.0 0.0
3.5526315789473686 193.94355879285484 5.0 58.758620689655174 146.89655172413796 0.0 0.0 0.0
4.315789473684211 197.78270994350353 5.0 58.758620689655174 146.89655172413796 0.0 0.0 0.0
5.078947368421053 194.24712035693253 5.0 58.758620689655174 146.89655172413796 0.0 0.0 0.0
5.842105263157895 196.6059116480729 5.0 58.758620689655174 146.89655172413796 0.0 0.0 0.0
6.605263157894737 195.43788245908587 5.0 58.758620689655174 146.89655172413796 0.0 0.0 0.0
7.36842105263158 198.4812387657955 5.0 58.758620689655174 146.89655172413796 0.0 0.0 0.0
8.131578947368421 194.2576349508616 5.0 58.758620689655174 146.89655172413796 0.0 0.0 0.0
8.894736842105264 191.14448421550995 5.0 58.758620689655174 146.89655172413796 0.0 0.0 0.0
9.657894736842106 191.71622187142637 5.0 58.758620689655174 146.89655172413796 0.0 0.0 0.0
10.421052631578949 194.266436483689 5.0 58.758620689655174 146.89655172413796 0.0 0.0 0.0
11.18421052631579 192.1148890534831 5.0 58.758620689655174 146.89655172413796 0.0 0.0 0.0
11.947368421052632 197.0927050125559 5.0 58.758620689655174 146.89655172413796 0.0 0.0 0.0
12.710526315789474 194.46476447094304 5.0 58.758620689655174 146.89655172413796 0.0 0.0 0.0
13.473684210526317 202.98588861559656 5.0 58.758620689655174 146.89655172413796 0.0 0.0 0.0
14.23684210526316 190.64892518010586 5.0 58.758620689655174 146.89655172413796 0.0 0.0 0.0
15.0 196.47296850164668 5.0 58.758620689655174 146.89655172413796 0.0 0.0 0.0
