0.5 205.1862048852147 5.0 60.82758620689655 152.0689655172414 0.0 0.0 0.0
1.263157894736842 203.0449378051184 5.0 60.82758620689655 152.0689655172414 0.0 0.0 0.0
2.026315789473684 195.4494936999132 5.0 60.82758620689655 152.0689655172414 0.0 0.0 0.0
2.7894736842105265 199.80837275367807 5.0 60.82758620689655 152.0689655172414 0.0 0.0 0.0
3.5526315789473686 204.8219040844548 5.0 60.82758620689655 152.0689655172414 0.0 0.0 0.0
4.315789473684211 206.39727176482464 5.0 60.82758620689655 152.0689655172414 0.0 0.0 0.0
5.078947368421053 206.08613012413156 5.0 60.82758620689655 152.0689655172414 0.0 0.0 0.0
5.842105263157895 197.9825816829308 5.0 60.82758620689655 152.0689655172414 0.0 0.0 0.0
6.605263157894737 203.6632776100939 5.0 60.82758620689655 152.0689655172414 0.0 0.0 0.0
7.36842105263158 205.80516633910398 5.0 60.82758620689655 152.0689655172414 0.0 0.0 0.0
8.131578947368421 197.78361399290844 5.0 60.82758620689655 152.0689655172414 0.0 0.0 0.0
8.894736842105264 202.73490714353545 5.0 60.82758620689655 152.0689655172414 0.0 0.0 0.0
9.657894736842106 203.58014788458055 5.0 60.82758620689655 152.0689655172414 0.0 0.0 0.0
10.421052631578949 201.85632693511496 5.0 60.82758620689655 152.0689655172414 0.0 0.0 0.0
11.18421052631579 197.20213512345157 5.0 60.82758620689655 152.0689655172414 0.0 0.0 0.0
11.947368421052632 201.781526359434 5.0 60.82758620689655 152.0689655172414 0.0 0.0 0.0
12.710526315789474 201.7767043988901 5.0 60.82758620689655 152.0689655172414 0.0 0.0 0.0
13.473684210526317 202.3144034760119 5.0 60.82758620689655 152.0689655172414 0.0 0.0 0.0
14.23684210526316 201.06820641337995 5.0 60.82758620689655 152.0689655172414 0.0 0.0 0.0
15.0 201.42958422993078 5.0 60.82758620689655 152.0689655172414 0.0 0.0 0.0
