0.5 205.1345894358466 5.0 62.06896551724138 155.17241379310346 0.0 0.0 0.0
1.263157894736842 206.9295082647205 5.0 62.06896551724138 155.17241379310346 0.0 0.0 0.0
2.026315789473684 209.5334138072406 5.0 62.06896551724138 155.17241379310346 0.0 0.0 0.0
2.7894736842105265 202.40443221385434 5.0 62.06896551724138 155.17241379310346 0.0 0.0 0.0
3.5526315789473686 202.96566147484162 5.0 62.06896551724138 155.17241379310346 0.0 0.0 0.0
4.315789473684211 200.78336620093378 5.0 62.06896551724138 155.17241379310346 0.0 0.0 0.0
5.078947368421053 206.99463739989775 5.0 62.06896551724138 155.17241379310346 0.0 0.0 0.0
5.842105263157895 203.5416342725183 5.0 62.06896551724138 155.17241379310346 0.0 0.0 0.0
6.605263157894737 205.74290139408419 5.0 62.06896551724138 155.17241379310346 0.0 0.0 0.0
7.36842105263158 208.88068629381306 5.0 62.06896551724138 155.17241379310346 0.0 0.0 0.0
8.131578947368421 204.9719235617894 5.0 62.06896551724138 155.17241379310346 0.0 0.0 0.0
8.894736842105264 207.59039779236804 5.0 62.06896551724138 155.17241379310346 0.0 0.0 0.0
9.657894736842106 205.99853800088277 5.0 62.06896551724138 155.17241379310346 0.0 0.0 0.0
10.421052631578949 208.91289466942726 5.0 62.06896551724138 155.17241379310346 0.0 0.0 0.0
11.18421052631579 208.32193592618196 5.0 62.06896551724138 155.17241379310346 0.0 0.0 0.0
11.947368421052632 204.8207506356141 5.0 62.06896551724138 155.17241379310346 0.0 0.0 0.0
12.710526315789474 206.3905964639366 5.0 62.06896551724138 155.17241379310346 0.0 0.0 0.0
13.473684210526317 210.02778191729942 5.0 62.06896551724138 155.17241379310346 0.0 0.0 0.0
14.23684210526316 208.07668233490023 5.0 62.06896551724138 155.17241379310346 0.0 0.0 0.0
15.0 202.70566555088453 5.0 62.06896551724138 155.17241379310346 0.0 0.0 0.0
