0.5 217.06359937355043 5.0 64.96551724137932 162.41379310344828 0.0 0.0 0.0
1.263157894736842 214.87037573152182 5.0 64.96551724137932 162.41379310344828 0.0 0.0 0.0
2.026315789473684 216.64486573939672 5.0 64.96551724137932 162.41379310344828 0.0 0.0 0.0
2.7894736842105265 215.79553569172097 5.0 64.96551724137932 162.41379310344828 0.0 0.0 0.0
3.5526315789473686 214.193794314137 5.0 64.96551724137932 162.41379310344828 0.0 0.0 0.0
4.315789473684211 215.68209729150644 5.0 64.96551724137932 162.41379310344828 0.0 0.0 0.0
5.078947368421053 217.14686761981037 5.0 64.96551724137932 162.41379310344828 0.0 0.0 0.0
5.842105263157895 214.25007293233912 5.0 64.96551724137932 162.41379310344828 0.0 0.0 0.0
6.605263157894737 214.13287867587698 5.0 64.96551724137932 162.41379310344828 0.0 0.0 0.0
7.36842105263158 212.47099382515452 5.0 64.96551724137932 162.41379310344828 0.0 0.0 0.0
8.131578947368421 217.72389921619774 5.0 64.96551724137932 162.41379310344828 0.0 0.0 0.0
8.894736842105264 218.18769392383223 5.0 64.96551724137932 162.41379310344828 0.0 0.0 0.0
9.657894736842106 217.2467054706406 5.0 64.96551724137932 162.41379310344828 0.0 0.0 0.0
10.421052631578949 219.44723561611704 5.0 64.96551724137932 162.41379310344828 0.0 0.0 0.0
11.18421052631579 216.81532704917322 5.0 64.96551724137932 162.41379310344828 0.0 0.0 0.0
11.947368421052632 217.72775695002832 5.0 64.96551724137932 162.41379310344828 0.0 0.0 0.0
12.710526315789474 217.46323641484372 5.0 64.96551724137932 162.41379310344828 0.0 0.0 0.0
13.473684210526317 216.27710407967643 5.0 64.96551724137932 162.41379310344828 0.0 0.0 0.0
14.23684210526316 214.9592586535421 5.0 64.96551724137932 162.41379310344828 0.0 0.0 0.0
15.0 223.19418198530678 5.0 64.96551724137932 162.41379310344828 0.0 0.0 0.0
