0.5 210.24271625247968 5.0 62.48275862068965 156.20689655172413 0.0 0.0 0.0
1.263157894736842 205.0220302016568 5.0 62.48275862068965 156.20689655172413 0.0 0.0 0.0
2.026315789473684 212.51340127884853 5.0 62.48275862068965 156.20689655172413 0.0 0.0 0.0
2.7894736842105265 211.3481585884886 5.0 62.48275862068965 156.20689655172413 0.0 0.0 0.0
3.5526315789473686 209.1455184967207 5.0 62.48275862068965 156.20689655172413 0.0 0.0 0.0
4.315789473684211 208.7475605992741 5.0 62.48275862068965 156.20689655172413 0.0 0.0 0.0
5.078947368421053 207.64876530088327 5.0 62.48275862068965 156.20689655172413 0.0 0.0 0.0
5.842105263157895 210.3114339231656 5.0 62.48275862068965 156.20689655172413 0.0 0.0 0.0
6.605263157894737 207.16352756057933 5.0 62.48275862068965 156.20689655172413 0.0 0.0 0.0
7.36842105263158 208.9825716808852 5.0 62.48275862068965 156.20689655172413 0.0 0.0 0.0
8.131578947368421 210.89166516852387 5.0 62.48275862068965 156.20689655172413 0.0 0.0 0.0
8.894736842105264 206.59044243838875 5.0 62.48275862068965 156.20689655172413 0.0 0.0 0.0
9.657894736842106 206.42728384899343 5.0 62.48275862068965 156.20689655172413 0.0 0.0 0.0
10.421052631578949 204.69276562679215 5.0 62.48275862068965 156.20689655172413 0.0 0.0 0.0
11.18421052631579 205.082443830587 5.0 62.48275862068965 156.20689655172413 0.0 0.0 0.0
11.947368421052632 202.79067613464102 5.0 62.48275862068965 156.20689655172413 0.0 0.0 0.0
12.710526315789474 210.4653484360121 5.0 62.48275862068965 156.20689655172413 0.0 0.0 0.0
13.473684210526317 213.70260569521383 5.0 62.48275862068965 156.20689655172413 0.0 0.0 0.0
14.23684210526316 212.55184889937644 5.0 62.48275862068965 156.20689655172413 0.0 0.0 0.0
15.0 203.39760860308598 5.0 62.48275862068965 156.20689655172413 0.0 0.0 0.0
