0.5 211.8297364284617 5.0 62.89655172413793 157.24137931034483 0.0 0.0 0.0
1.263157894736842 213.92149146356377 5.0 62.89655172413793 157.24137931034483 0.0 0.0 0.0
2.026315789473684 208.28474247157712 5.0 62.89655172413793 157.24137931034483 0.0 0.0 0.0
2.7894736842105265 209.95951470574326 5.0 62.89655172413793 157.24137931034483 0.0 0.0 0.0
3.5526315789473686 203.6314932613791 5.0 62.89655172413793 157.24137931034483 0.0 0.0 0.0
4.315789473684211 210.45538091772303 5.0 62.89655172413793 157.24137931034483 0.0 0.0 0.0
5.078947368421053 206.46449322548895 5.0 62.89655172413793 157.24137931034483 0.0 0.0 0.0
5.842105263157895 210.25407746752765 5.0 62.89655172413793 157.24137931034483 0.0 0.0 0.0
6.605263157894737 204.97156364722647 5.0 62.89655172413793 157.24137931034483 0.0 0.0 0.0
7.36842105263158 211.2837470872259 5.0 62.89655172413793 157.24137931034483 0.0 0.0 0.0
8.131578947368421 212.72871044007317 5.0 62.89655172413793 157.24137931034483 0.0 0.0 0.0
8.894736842105264 207.30563282864762 5.0 62.89655172413793 157.24137931034483 0.0 0.0 0.0
9.657894736842106 206.24440466956182 5.0 62.89655172413793 157.24137931034483 0.0 0.0 0.0
10.421052631578949 203.18710328614316 5.0 62.89655172413793 157.24137931034483 0.0 0.0 0.0
11.18421052631579 208.8559318115676 5.0 62.89655172413793 157.24137931034483 0.0 0.0 0.0
11.947368421052632 207.9103906109483 5.0 62.89655172413793 157.24137931034483 0.0 0.0 0.0
12.710526315789474 205.00211417674893 5.0 62.89655172413793 157.24137931034483 0.0 0.0 0.0
13.473684210526317 211.01422868272962 5.0 62.89655172413793 157.24137931034483 0.0 0.0 0.0
14.23684210526316 208.30526126819916 5.0 62.89655172413793 157.24137931034483 0.0 0.0 0.0
15.0 206.4279645378574 5.0 62.89655172413793 157.24137931034483 0.0 0.0 0.0
