0.5 199.19417321646714 5.0 61.6551724137931 154.13793103448276 0.0 0.0 0.0
1.263157894736842 207.82495000342172 5.0 61.6551724137931 154.13793103448276 0.0 0.0 0.0
2.026315789473684 209.18242737796314 5.0 61.6551724137931 154.13793103448276 0.0 0.0 0.0
2.7894736842105265 207.4509166152623 5.0 61.6551724137931 154.13793103448276 0.0 0.0 0.0
3.5526315789473686 202.87831409720783 5.0 61.6551724137931 154.13793103448276 0.0 0.0 0.0
4.315789473684211 207.53862456031362 5.0 61.6551724137931 154.13793103448276 0.0 0.0 0.0
5.078947368421053 208.09883050319468 5.0 61.6551724137931 154.13793103448276 0.0 0.0 0.0
5.842105263157895 210.1936901227076 5.0 61.6551724137931 154.13793103448276 0.0 0.0 0.0
6.605263157894737 202.88891160662646 5.0 61.6551724137931 154.13793103448276 0.0 0.0 0.0
7.36842105263158 204.83787762567795 5.0 61.6551724137931 154.13793103448276 0.0 0.0 0.0
8.131578947368421 207.7590575327407 5.0 61.6551724137931 154.13793103448276 0.0 0.0 0.0
8.894736842105264 205.68947159362483 5.0 61.6551724137931 154.13793103448276 0.0 0.0 0.0
9.657894736842106 202.16525857315654 5.0 61.6551724137931 154.13793103448276 0.0 0.0 0.0
10.421052631578949 206.76109023439045 5.0 61.6551724137931 154.13793103448276 0.0 0.0 0.0
11.18421052631579 207.25322628075585 5.0 61.6551724137931 154.13793103448276 0.0 0.0 0.0
11.947368421052632 205.78113006830336 5.0 61.6551724137931 154.13793103448276 0.0 0.0 0.0
12.710526315789474 206.1759961608502 5.0 61.6551724137931 154.13793103448276 0.0 0.0 0.0
13.473684210526317 204.74112367425315 5.0 61.6551724137931 154.13793103448276 0.0 0.0 0.0
14.23684210526316 209.95207818645852 5.0 61.6551724137931 154.13793103448276 0.0 0.0 0.0
15.0 202.81516482817233 5.0 61.6551724137931 154.13793103448276 0.0 0.0 0.0
