0.5 209.96924824222936 5.0 64.13793103448276 160.34482758620692 0.0 0.0 0.0
1.263157894736842 214.077584027467 5.0 64.13793103448276 160.34482758620692 0.0 0.0 0.0
2.026315789473684 210.10935679620033 5.0 64.13793103448276 160.34482758620692 0.0 0.0 0.0
2.7894736842105265 207.2520048220613 5.0 64.13793103448276 160.34482758620692 0.0 0.0 0.0
3.5526315789473686 212.65407403573136 5.0 64.13793103448276 160.34482758620692 0.0 0.0 0.0
4.315789473684211 208.3845348590222 5.0 64.13793103448276 160.34482758620692 0.0 0.0 0.0
5.078947368421053 211.5366208440733 5.0 64.13793103448276 160.34482758620692 0.0 0.0 0.0
5.842105263157895 211.06579478246582 5.0 64.13793103448276 160.34482758620692 0.0 0.0 0.0
6.605263157894737 211.17945523219842 5.0 64.13793103448276 160.34482758620692 0.0 0.0 0.0
7.36842105263158 219.79599275304633 5.0 64.13793103448276 160.34482758620692 0.0 0.0 0.0
8.131578947368421 213.96233814978459 5.0 64.13793103448276 160.34482758620692 0.0 0.0 0.0
8.894736842105264 214.52921647526188 5.0 64.13793103448276 160.34482758620692 0.0 0.0 0.0
9.657894736842106 208.46390855924898 5.0 64.13793103448276 160.34482758620692 0.0 0.0 0.0
10.421052631578949 211.8312140473651 5.0 64.13793103448276 160.34482758620692 0.0 0.0 0.0
11.18421052631579 214.4390113381004 5.0 64.13793103448276 160.34482758620692 0.0 0.0 0.0
11.947368421052632 210.71951670953686 5.0 64.13793103448276 160.34482758620692 0.0 0.0 0.0
12.710526315789474 216.51729197882983 5.0 64.13793103448276 160.34482758620692 0.0 0.0 0.0
13.473684210526317 210.1850136905728 5.0 64.13793103448276 160.34482758620692 0.0 0.0 0.0
14.23684210526316 212.93400504068035 5.0 64.13793103448276 160.34482758620692 0.0 0.0 0.0
15.0 212.0349485283492 5.0 64.13793103448276 160.34482758620692 0.0 0.0 0.0
