0.5 215.66537577124922 5.0 64.55172413793103 161.3793103448276 0.0 0.0 0.0
1.263157894736842 213.25094357753719 5.0 64.55172413793103 161.3793103448276 0.0 0.0 0.0
2.026315789473684 214.35973291189066 5.0 64.55172413793103 161.3793103448276 0.0 0.0 0.0
2.7894736842105265 214.4640235177695 5.0 64.55172413793103 161.3793103448276 0.0 0.0 0.0
3.5526315789473686 212.96925052092956 5.0 64.55172413793103 161.3793103448276 0.0 0.0 0.0
4.315789473684211 216.6276953985948 5.0 64.55172413793103 161.3793103448276 0.0 0.0 0.0
5.078947368421053 215.88757891761574 5.0 64.55172413793103 161.3793103448276 0.0 0.0 0.0
5.842105263157895 214.90657195734397 5.0 64.55172413793103 161.3793103448276 0.0 0.0 0.0
6.605263157894737 213.8810387927176 5.0 64.55172413793103 161.3793103448276 0.0 0.0 0.0
7.36842105263158 217.56204588466346 5.0 64.55172413793103 161.3793103448276 0.0 0.0 0.0
8.131578947368421 214.46491106166093 5.0 64.55172413793103 161.3793103448276 0.0 0.0 0.0
8.894736842105264 214.25232192962565 5.0 64.55172413793103 161.3793103448276 0.0 0.0 0.0
9.657894736842106 215.48648388276783 5.0 64.55172413793103 161.3793103448276 0.0 0.0 0.0
10.421052631578949 220.262173842016 5.0 64.55172413793103 161.3793103448276 0.0 0.0 0.0
11.18421052631579 211.15134516903984 5.0 64.55172413793103 161.3793103448276 0.0 0.0 0.0
11.947368421052632 217.48198447226952 5.0 64.55172413793103 161.3793103448276 0.0 0.0 0.0
12.710526315789474 209.49290030938914 5.0 64.55172413793103 161.3793103448276 0.0 0.0 0.0
13.473684210526317 215.82423326778934 5.0 64.55172413793103 161.3793103448276 0.0 0.0 0.0
14.23684210526316 219.89766227592966 5.0 64.55172413793103 161.3793103448276 0.0 0.0 0.0
15.0 216.6384193665054 5.0 64.55172413793103 161.3793103448276 0.0 0.0 0.0
