0.5 209.37076554169937 5.0 63.310344827586206 158.27586206896552 0.0 0.0 0.0
1.263157894736842 214.24839637540956 5.0 63.310344827586206 158.27586206896552 0.0 0.0 0.0
2.026315789473684 212.84329358988637 5.0 63.310344827586206 158.27586206896552 0.0 0.0 0.0
2.7894736842105265 210.64440457412522 5.0 63.310344827586206 158.27586206896552 0.0 0.0 0.0
3.5526315789473686 212.89179781401526 5.0 63.310344827586206 158.27586206896552 0.0 0.0 0.0
4.315789473684211 207.55174688946047 5.0 63.310344827586206 158.27586206896552 0.0 0.0 0.0
5.078947368421053 211.13159306080178 5.0 63.310344827586206 158.27586206896552 0.0 0.0 0.0
5.842105263157895 211.47644975008012 5.0 63.310344827586206 158.27586206896552 0.0 0.0 0.0
6.605263157894737 209.6249732331245 5.0 63.310344827586206 158.27586206896552 0.0 0.0 0.0
7.36842105263158 212.34085776649295 5.0 63.310344827586206 158.27586206896552 0.0 0.0 0.0
8.131578947368421 208.69318239468734 5.0 63.310344827586206 158.27586206896552 0.0 0.0 0.0
8.894736842105264 212.56394488194906 5.0 63.310344827586206 158.27586206896552 0.0 0.0 0.0
9.657894736842106 212.69005907321457 5.0 63.310344827586206 158.27586206896552 0.0 0.0 0.0
10.421052631578949 202.2830031165295 5.0 63.310344827586206 158.27586206896552 0.0 0.0 0.0
11.18421052631579 214.60539986915106 5.0 63.310344827586206 158.27586206896552 0.0 0.0 0.0
11.947368421052632 201.89158506256243 5.0 63.310344827586206 158.27586206896552 0.0 0.0 0.0
12.710526315789474 209.18633568195233 5.0 63.310344827586206 158.27586206896552 0.0 0.0 0.0
13.473684210526317 214.11052686139396 5.0 63.310344827586206 158.27586206896552 0.0 0.0 0.0
14.23684210526316 210.08262258286337 5.0 63.310344827586206 158.27586206896552 0.0 0.0 0.0
15.0 206.63592481121208 5.0 63.310344827586206 158.27586206896552 0.0 0.0 0.0
