0.5 227.40090130702018 5.0 68.6896551724138 171.7241379310345 0.0 0.0 0.0
1.263157894736842 226.13365666721333 5.0 68.6896551724138 171.7241379310345 0.0 0.0 0.0
2.026315789473684 232.86899228733543 5.0 68.6896551724138 171.7241379310345 0.0 0.0 0.0
2.7894736842105265 230.86578186446138 5.0 68.6896551724138 171.7241379310345 0.0 0.0 0.0
3.5526315789473686 230.78049736841595 5.0 68.6896551724138 171.7241379310345 0.0 0.0 0.0
4.315789473684211 232.7071515048067 5.0 68.6896551724138 171.7241379310345 0.0 0.0 0.0
5.078947368421053 237.4034649860955 5.0 68.6896551724138 171.7241379310345 0.0 0.0 0.0
5.842105263157895 223.83783892964885 5.0 68.6896551724138 171.7241379310345 0.0 0.0 0.0
6.605263157894737 226.750387498748 5.0 68.6896551724138 171.7241379310345 0.0 0.0 0.0
7.36842105263158 227.11699198885577 5.0 68.6896551724138 171.7241379310345 0.0 0.0 0.0
8.131578947368421 226.41305837423124 5.0 68.6896551724138 171.7241379310345 0.0 0.0 0.0
8.894736842105264 225.7327674985682 5.0 68.6896551724138 171.7241379310345 0.0 0.0 0.0
9.657894736842106 228.06655804921323 5.0 68.6896551724138 171.7241379310345 0.0 0.0 0.0
10.421052631578949 225.3157060955111 5.0 68.6896551724138 171.7241379310345 0.0 0.0 0.0
11.18421052631579 229.97064434399158 5.0 68.6896551724138 171.7241379310345 0.0 0.0 0.0
11.947368421052632 229.12061220566517 5.0 68.6896551724138 171.7241379310345 0.0 0.0 0.0
12.710526315789474 230.40860323567028 5.0 68.6896551724138 171.7241379310345 0.0 0.0 0.0
13.473684210526317 230.48870259629408 5.0 68.6896551724138 171.7241379310345 0.0 0.0 0.0
14.23684210526316 230.77453780165936 5.0 68.6896551724138 171.7241379310345 0.0 0.0 0.0
15.0 227.84529043090768 5.0 68.6896551724138 171.7241379310345 0.0 0.0 0.0
