0.5 224.6700675432754 5.0 67.0344827586207 167.58620689655174 0.0 0.0 0.0
1.263157894736842 224.6094520502562 5.0 67.0344827586207 167.58620689655174 0.0 0.0 0.0
2.026315789473684 219.9872511128697 5.0 67.0344827586207 167.58620689655174 0.0 0.0 0.0
2.7894736842105265 223.92362001356818 5.0 67.0344827586207 167.58620689655174 0.0 0.0 0.0
3.5526315789473686 226.51549753815038 5.0 67.0344827586207 167.58620689655174 0.0 0.0 0.0
4.315789473684211 225.77949473904167 5.0 67.0344827586207 167.58620689655174 0.0 0.0 0.0
5.078947368421053 223.1624185010272 5.0 67.0344827586207 167.58620689655174 0.0 0.0 0.0
5.842105263157895 222.0443469220961 5.0 67.0344827586207 167.58620689655174 0.0 0.0 0.0
6.605263157894737 221.56024240906547 5.0 67.0344827586207 167.58620689655174 0.0 0.0 0.0
7.36842105263158 224.85173521079795 5.0 67.0344827586207 167.58620689655174 0.0 0.0 0.0
8.131578947368421 224.03358778149766 5.0 67.0344827586207 167.58620689655174 0.0 0.0 0.0
8.894736842105264 225.33648788037559 5.0 67.0344827586207 167.58620689655174 0.0 0.0 0.0
9.657894736842106 223.84389730143243 5.0 67.0344827586207 167.58620689655174 0.0 0.0 0.0
10.421052631578949 225.9045677131113 5.0 67.0344827586207 167.58620689655174 0.0 0.0 0.0
11.18421052631579 223.73205346094207 5.0 67.0344827586207 167.58620689655174 0.0 0.0 0.0
11.947368421052632 225.80234201046403 5.0 67.0344827586207 167.58620689655174 0.0 0.0 0.0
12.710526315789474 226.0607441731689 5.0 67.0344827586207 167.58620689655174 0.0 0.0 0.0
13.473684210526317 221.03469597139454 5.0 67.0344827586207 167.58620689655174 0.0 0.0 0.0
14.23684210526316 218.02384372145676 5.0 67.0344827586207 167.58620689655174 0.0 0.0 0.0
15.0 228.07875443011264 5.0 67.0344827586207 167.58620689655174 0.0 0.0 0.0
