0.5 223.45757434077737 5.0 66.20689655172414 165.51724137931035 0.0 0.0 0.0
1.263157894736842 222.66976764778482 5.0 66.20689655172414 165.51724137931035 0.0 0.0 0.0
2.026315789473684 226.43898980262003 5.0 66.20689655172414 165.51724137931035 0.0 0.0 0.0
2.7894736842105265 218.39933722048184 5.0 66.20689655172414 165.51724137931035 0.0 0.0 0.0
3.5526315789473686 216.55220741836806 5.0 66.20689655172414 165.51724137931035 0.0 0.0 0.0
4.315789473684211 217.70664984692846 5.0 66.20689655172414 165.51724137931035 0.0 0.0 0.0
5.078947368421053 222.6709828720591 5.0 66.20689655172414 165.51724137931035 0.0 0.0 0.0
5.842105263157895 222.18342397522196 5.0 66.20689655172414 165.51724137931035 0.0 0.0 0.0
6.605263157894737 220.99642515135605 5.0 66.20689655172414 165.51724137931035 0.0 0.0 0.0
7.36842105263158 217.32078402509242 5.0 66.20689655172414 165.51724137931035 0.0 0.0 0.0
8.131578947368421 222.99025705240098 5.0 66.20689655172414 165.51724137931035 0.0 0.0 0.0
8.894736842105264 217.01554083946218 5.0 66.20689655172414 165.51724137931035 0.0 0.0 0.0
9.657894736842106 224.1665039195445 5.0 66.20689655172414 165.51724137931035 0.0 0.0 0.0
10.421052631578949 229.2619704418334 5.0 66.20689655172414 165.51724137931035 0.0 0.0 0.0
11.18421052631579 221.78900861212847 5.0 66.20689655172414 165.51724137931035 0.0 0.0 0.0
11.947368421052632 222.43897957938702 5.0 66.20689655172414 165.51724137931035 0.0 0.0 0.0
12.710526315789474 219.21107586572714 5.0 66.20689655172414 165.51724137931035 0.0 0.0 0.0
13.473684210526317 215.25901520915335 5.0 66.20689655172414 165.51724137931035 0.0 0.0 0.0
14.23684210526316 218.88149708332315 5.0 66.20689655172414 165.51724137931035 0.0 0.0 0.0
15.0 217.41096944911757 5.0 66.20689655172414 165.51724137931035 0.0 0.0 0.0
