0.5 217.72795178799635 5.0 66.62068965517241 166.55172413793105 0.0 0.0 0.0
1.263157894736842 227.23604534322834 5.0 66.62068965517241 166.55172413793105 0.0 0.0 0.0
2.026315789473684 222.8875530713187 5.0 66.62068965517241 166.55172413793105 0.0 0.0 0.0
2.7894736842105265 223.20802825908333 5.0 66.62068965517241 166.55172413793105 0.0 0.0 0.0
3.5526315789473686 221.14189842165266 5.0 66.62068965517241 166.55172413793105 0.0 0.0 0.0
4.315789473684211 221.5503522699111 5.0 66.62068965517241 166.55172413793105 0.0 0.0 0.0
5.078947368421053 224.96261756395938 5.0 66.62068965517241 166.55172413793105 0.0 0.0 0.0
5.842105263157895 221.97195416115574 5.0 66.62068965517241 166.55172413793105 0.0 0.0 0.0
6.605263157894737 223.6610473313156 5.0 66.62068965517241 166.55172413793105 0.0 0.0 0.0
7.36842105263158 221.48095262370634 5.0 66.62068965517241 166.55172413793105 0.0 0.0 0.0
8.131578947368421 221.04250684504527 5.0 66.62068965517241 166.55172413793105 0.0 0.0 0.0
8.894736842105264 217.8482230204358 5.0 66.62068965517241 166.55172413793105 0.0 0.0 0.0
9.657894736842106 216.13571833014 5.0 66.62068965517241 166.55172413793105 0.0 0.0 0.0
10.421052631578949 221.28427981404218 5.0 66.62068965517241 166.55172413793105 0.0 0.0 0.0
11.18421052631579 222.2384555932211 5.0 66.62068965517241 166.55172413793105 0.0 0.0 0.0
11.947368421052632 218.21057540711502 5.0 66.62068965517241 166.55172413793105 0.0 0.0 0.0
12.710526315789474 221.9655409221375 5.0 66.62068965517241 166.55172413793105 0.0 0.0 0.0
13.473684210526317 222.2302232062129 5.0 66.62068965517241 166.55172413793105 0.0 0.0 0.0
14.23684210526316 215.60094149906325 5.0 66.62068965517241 166.55172413793105 0.0 0.0 0.0
15.0 219.3235915388029 5.0 66.62068965517241 166.55172413793105 0.0 0.0 0.0
