0.5 225.59756239903336 5.0 67.44827586206897 168.62068965517244 0.0 0.0 0.0
1.263157894736842 219.6841285204082 5.0 67.44827586206897 168.62068965517244 0.0 0.0 0.0
2.026315789473684 222.68612771524045 5.0 67.44827586206897 168.62068965517244 0.0 0.0 0.0
2.7894736842105265 227.14320908400606 5.0 67.44827586206897 168.62068965517244 0.0 0.0 0.0
3.5526315789473686 223.9885557134979 5.0 67.44827586206897 168.62068965517244 0.0 0.0 0.0
4.315789473684211 223.29140194893918 5.0 67.44827586206897 168.62068965517244 0.0 0.0 0.0
5.078947368421053 229.03023178783548 5.0 67.44827586206897 168.62068965517244 0.0 0.0 0.0
5.842105263157895 221.68572476774514 5.0 67.44827586206897 168.62068965517244 0.0 0.0 0.0
6.605263157894737 222.43312613363207 5.0 67.44827586206897 168.62068965517244 0.0 0.0 0.0
7.36842105263158 225.46174563204139 5.0 67.44827586206897 168.62068965517244 0.0 0.0 0.0
8.131578947368421 225.9989510030582 5.0 67.44827586206897 168.62068965517244 0.0 0.0 0.0
8.894736842105264 226.31661530991877 5.0 67.44827586206897 168.62068965517244 0.0 0.0 0.0
9.657894736842106 227.56130034060342 5.0 67.44827586206897 168.62068965517244 0.0 0.0 0.0
10.421052631578949 225.42332206894113 5.0 67.44827586206897 168.62068965517244 0.0 0.0 0.0
11.18421052631579 226.2957380237118 5.0 67.44827586206897 168.62068965517244 0.0 0.0 0.0
11.947368421052632 224.04995842895133 5.0 67.44827586206897 168.62068965517244 0.0 0.0 0.0
12.710526315789474 225.01568111660671 5.0 67.44827586206897 168.62068965517244 0.0 0.0 0.0
13.473684210526317 225.15018874705748 5.0 67.44827586206897 168.62068965517244 0.0 0.0 0.0
14.23684210526316 225.47288061435367 5.0 67.44827586206897 168.62068965517244 0.0 0.0 0.0
15.0 227.14520562964486 5.0 67.44827586206897 168.62068965517244 0.0 0.0 0.0
