0.5 236.7082577941079 5.0 69.10344827586208 172.75862068965517 0.0 0.0 0.0
1.263157894736842 231.0481209356532 5.0 69.10344827586208 172.75862068965517 0.0 0.0 0.0
2.026315789473684 224.75737332833253 5.0 69.10344827586208 172.75862068965517 0.0 0.0 0.0
2.7894736842105265 227.33770034890827 5.0 69.10344827586208 172.75862068965517 0.0 0.0 0.0
3.5526315789473686 225.12331861912347 5.0 69.10344827586208 172.75862068965517 0.0 0.0 0.0
4.315789473684211 230.39683147366085 5.0 69.10344827586208 172.75862068965517 0.0 0.0 0.0
5.078947368421053 229.97941191404692 5.0 69.10344827586208 172.75862068965517 0.0 0.0 0.0
5.842105263157895 228.93955049250854 5.0 69.10344827586208 172.75862068965517 0.0 0.0 0.0
6.605263157894737 236.37760592340845 5.0 69.10344827586208 172.75862068965517 0.0 0.0 0.0
7.36842105263158 231.99177620843764 5.0 69.10344827586208 172.75862068965517 0.0 0.0 0.0
8.131578947368421 232.52312267054592 5.0 69.10344827586208 172.75862068965517 0.0 0.0 0.0
8.894736842105264 227.5516071223806 5.0 69.10344827586208 172.75862068965517 0.0 0.0 0.0
9.657894736842106 227.34739291221388 5.0 69.10344827586208 172.75862068965517 0.0 0.0 0.0
10.421052631578949 230.45524408349777 5.0 69.10344827586208 172.75862068965517 0.0 0.0 0.0
11.18421052631579 230.8638490051636 5.0 69.10344827586208 172.75862068965517 0.0 0.0 0.0
11.947368421052632 224.77589288486354 5.0 69.10344827586208 172.75862068965517 0.0 0.0 0.0
12.710526315789474 229.8039065176583 5.0 69.10344827586208 172.75862068965517 0.0 0.0 0.0
13.473684210526317 230.38704383482744 5.0 69.10344827586208 172.75862068965517 0.0 0.0 0.0
14.23684210526316 229.69938008889352 5.0 69.10344827586208 172.75862068965517 0.0 0.0 0.0
15.0 227.90465634916688 5.0 69.10344827586208 172.75862068965517 0.0 0.0 0.0
