0.5 219.35438524725535 5.0 65.79310344827586 164.48275862068965 0.0 0.0 0.0
1.263157894736842 216.94038576598342 5.0 65.79310344827586 164.48275862068965 0.0 0.0 0.0
2.026315789473684 219.70013439008443 5.0 65.79310344827586 164.48275862068965 0.0 0.0 0.0
2.7894736842105265 219.1009484702998 5.0 65.79310344827586 164.48275862068965 0.0 0.0 0.0
3.5526315789473686 215.3099218713836 5.0 65.79310344827586 164.48275862068965 0.0 0.0 0.0
4.315789473684211 214.89490777361365 5.0 65.79310344827586 164.48275862068965 0.0 0.0 0.0
5.078947368421053 221.00580496401554 5.0 65.79310344827586 164.48275862068965 0.0 0.0 0.0
5.842105263157895 211.50467988243116 5.0 65.79310344827586 164.48275862068965 0.0 0.0 0.0
6.605263157894737 219.92657640847 5.0 65.79310344827586 164.48275862068965 0.0 0.0 0.0
7.36842105263158 217.87609565432476 5.0 65.79310344827586 164.48275862068965 0.0 0.0 0.0
8.131578947368421 223.23508464822595 5.0 65.79310344827586 164.48275862068965 0.0 0.0 0.0
8.894736842105264 217.82994020012458 5.0 65.79310344827586 164.48275862068965 0.0 0.0 0.0
9.657894736842106 221.2887974703419 5.0 65.79310344827586 164.48275862068965 0.0 0.0 0.0
10.421052631578949 218.11960330387285 5.0 65.79310344827586 164.48275862068965 0.0 0.0 0.0
11.18421052631579 219.65158928804465 5.0 65.79310344827586 164.48275862068965 0.0 0.0 0.0
11.947368421052632 221.52085442034638 5.0 65.79310344827586 164.48275862068965 0.0 0.0 0.0
12.710526315789474 217.92267767861247 5.0 65.79310344827586 164.48275862068965 0.0 0.0 0.0
13.473684210526317 222.30000948108145 5.0 65.79310344827586 164.48275862068965 0.0 0.0 0.0
14.23684210526316 216.32925119626677 5.0 65.79310344827586 164.48275862068965 0.0 0.0 0.0
15.0 220.19412335526135 5.0 65.79310344827586 164.48275862068965 0.0 0.0 0.0
