0.5 227.87233359755865 5.0 67.86206896551724 169.6551724137931 0.0 0.0 0.0
1.263157894736842 226.3395475604247 5.0 67.86206896551724 169.6551724137931 0.0 0.0 0.0
2.026315789473684 223.77951859690103 5.0 67.86206896551724 169.6551724137931 0.0 0.0 0.0
2.7894736842105265 226.40991032591228 5.0 67.86206896551724 169.6551724137931 0.0 0.0 0.0
3.5526315789473686 226.12284319703693 5.0 67.86206896551724 169.6551724137931 0.0 0.0 0.0
4.315789473684211 226.78644129116375 5.0 67.86206896551724 169.6551724137931 0.0 0.0 0.0
5.078947368421053 232.82647247314537 5.0 67.86206896551724 169.6551724137931 0.0 0.0 0.0
5.842105263157895 224.63557821610044 5.0 67.86206896551724 169.6551724137931 0.0 0.0 0.0
6.605263157894737 227.47376360910025 5.0 67.86206896551724 169.6551724137931 0.0 0.0 0.0
7.36842105263158 229.41228275345705 5.0 67.86206896551724 169.6551724137931 0.0 0.0 0.0
8.131578947368421 226.5009022940223 5.0 67.86206896551724 169.6551724137931 0.0 0.0 0.0
8.894736842105264 233.22043190924066 5.0 67.86206896551724 169.6551724137931 0.0 0.0 0.0
9.657894736842106 225.07277867652974 5.0 67.86206896551724 169.6551724137931 0.0 0.0 0.0
10.421052631578949 227.1791642186843 5.0 67.86206896551724 169.6551724137931 0.0 0.0 0.0
11.18421052631579 223.8104793170452 5.0 67.86206896551724 169.6551724137931 0.0 0.0 0.0
11.947368421052632 225.15232234629428 5.0 67.86206896551724 169.6551724137931 0.0 0.0 0.0
12.710526315789474 226.95369828291413 5.0 67.86206896551724 169.6551724137931 0.0 0.0 0.0
13.473684210526317 228.74580873864736 5.0 67.86206896551724 169.6551724137931 0.0 0.0 0.0
14.23684210526316 227.1641810537949 5.0 67.86206896551724 169.6551724137931 0.0 0.0 0.0
15.0 229.98424109972837 5.0 67.86206896551724 169.6551724137931 0.0 0.0 0.0
