0.5 227.30131096477373 5.0 68.27586206896552 170.6896551724138 0.0 0.0 0.0
1.263157894736842 226.58970130703472 5.0 68.27586206896552 170.6896551724138 0.0 0.0 0.0
2.026315789473684 235.6981622183899 5.0 68.27586206896552 170.6896551724138 0.0 0.0 0.0
2.7894736842105265 228.76891984487784 5.0 68.27586206896552 170.6896551724138 0.0 0.0 0.0
3.5526315789473686 225.4277622586161 5.0 68.27586206896552 170.6896551724138 0.0 0.0 0.0
4.315789473684211 225.50341560980755 5.0 68.27586206896552 170.6896551724138 0.0 0.0 0.0
5.078947368421053 224.75816715295772 5.0 68.27586206896552 170.6896551724138 0.0 0.0 0.0
5.842105263157895 230.3959149641221 5.0 68.27586206896552 170.6896551724138 0.0 0.0 0.0
6.605263157894737 226.49307501787203 5.0 68.27586206896552 170.6896551724138 0.0 0.0 0.0
7.36842105263158 227.9682943235212 5.0 68.27586206896552 170.6896551724138 0.0 0.0 0.0
8.131578947368421 227.39568087323693 5.0 68.27586206896552 170.6896551724138 0.0 0.0 0.0
8.894736842105264 229.78068412037456 5.0 68.27586206896552 170.6896551724138 0.0 0.0 0.0
9.657894736842106 225.04597461789967 5.0 68.27586206896552 170.6896551724138 0.0 0.0 0.0
10.421052631578949 224.3594900381227 5.0 68.27586206896552 170.6896551724138 0.0 0.0 0.0
11.18421052631579 228.25909881809653 5.0 68.27586206896552 170.6896551724138 0.0 0.0 0.0
11.947368421052632 229.38908475065142 5.0 68.27586206896552 170.6896551724138 0.0 0.0 0.0
12.710526315789474 228.58380383584466 5.0 68.27586206896552 170.6896551724138 0.0 0.0 0.0
13.473684210526317 225.15784570925976 5.0 68.27586206896552 170.6896551724138 0.0 0.0 0.0
14.23684210526316 229.61866142282594 5.0 68.27586206896552 170.6896551724138 0.0 0.0 0.0
15.0 225.35462411526484 5.0 68.27586206896552 170.6896551724138 0.0 0.0 0.0
