0.5 230.1055323852711 5.0 69.51724137931035 173.79310344827587 0.0 0.0 0.0
1.263157894736842 231.19356035031612 5.0 69.51724137931035 173.79310344827587 0.0 0.0 0.0
2.026315789473684 231.99653800186465 5.0 69.51724137931035 173.79310344827587 0.0 0.0 0.0
2.7894736842105265 233.5385126786862 5.0 69.51724137931035 173.79310344827587 0.0 0.0 0.0
3.5526315789473686 234.96670654588712 5.0 69.51724137931035 173.79310344827587 0.0 0.0 0.0
4.315789473684211 230.84109476045276 5.0 69.51724137931035 173.79310344827587 0.0 0.0 0.0
5.078947368421053 230.35566934268843 5.0 69.51724137931035 173.79310344827587 0.0 0.0 0.0
5.842105263157895 233.03710495163742 5.0 69.51724137931035 173.79310344827587 0.0 0.0 0.0
6.605263157894737 233.55667268026707 5.0 69.51724137931035 173.79310344827587 0.0 0.0 0.0
7.36842105263158 230.42153663125785 5.0 69.51724137931035 173.79310344827587 0.0 0.0 0.0
8.131578947368421 234.095318361933 5.0 69.51724137931035 173.79310344827587 0.0 0.0 0.0
8.894736842105264 234.66289395450244 5.0 69.51724137931035 173.79310344827587 0.0 0.0 0.0
9.657894736842106 235.59919732801052 5.0 69.51724137931035 173.79310344827587 0.0 0.0 0.0
10.421052631578949 237.05910065119397 5.0 69.51724137931035 173.79310344827587 0.0 0.0 0.0
11.18421052631579 229.1248895150562 5.0 69.51724137931035 173.79310344827587 0.0 0.0 0.0
11.947368421052632 231.76583255903205 5.0 69.51724137931035 173.79310344827587 0.0 0.0 0.0
12.710526315789474 231.7579710208905 5.0 69.51724137931035 173.79310344827587 0.0 0.0 0.0
13.473684210526317 231.42991722543698 5.0 69.51724137931035 173.79310344827587 0.0 0.0 0.0
14.23684210526316 229.7763491722041 5.0 69.51724137931035 173.79310344827587 0.0 0.0 0.0
15.0 227.2674519213413 5.0 69.51724137931035 173.79310344827587 0.0 0.0 0.0
