0.5 240.94712147527565 5.0 71.17241379310344 177.9310344827586 0.0 0.0 0.0
1.263157894736842 237.28144608497584 5.0 71.17241379310344 177.9310344827586 0.0 0.0 0.0
2.026315789473684 240.556200777218 5.0 71.17241379310344 177.9310344827586 0.0 0.0 0.0
2.7894736842105265 238.0722553360029 5.0 71.17241379310344 177.9310344827586 0.0 0.0 0.0
3.5526315789473686 238.61705671898133 5.0 71.17241379310344 177.9310344827586 0.0 0.0 0.0
4.315789473684211 238.3304070534884 5.0 71.17241379310344 177.9310344827586 0.0 0.0 0.0
5.078947368421053 239.33384424610782 5.0 71.17241379310344 177.9310344827586 0.0 0.0 0.0
5.842105263157895 244.07367065601312 5.0 71.17241379310344 177.9310344827586 0.0 0.0 0.0
6.605263157894737 240.15439831822238 5.0 71.17241379310344 177.9310344827586 0.0 0.0 0.0
7.36842105263158 232.5003613568082 5.0 71.17241379310344 177.9310344827586 0.0 0.0 0.0
8.131578947368421 238.58136385618153 5.0 71.17241379310344 177.9310344827586 0.0 0.0 0.0
8.894736842105264 240.66582161465448 5.0 71.17241379310344 177.9310344827586 0.0 0.0 0.0
9.657894736842106 240.84948172995325 5.0 71.17241379310344 177.9310344827586 0.0 0.0 0.0
10.421052631578949 235.96156436116752 5.0 71.17241379310344 177.9310344827586 0.0 0.0 0.0
11.18421052631579 240.7362126459092 5.0 71.17241379310344 177.9310344827586 0.0 0.0 0.0
11.947368421052632 240.02460650899843 5.0 71.17241379310344 177.9310344827586 0.0 0.0 0.0
12.710526315789474 244.958931621254 5.0 71.17241379310344 177.9310344827586 0.0 0.0 0.0
13.473684210526317 234.9913741015993 5.0 71.17241379310344 177.9310344827586 0.0 0.0 0.0
14.23684210526316 235.71917758114355 5.0 71.17241379310344 177.9310344827586 0.0 0.0 0.0
15.0 236.32302216496495 5.0 71.17241379310344 177.9310344827586 0.0 0.0 0.0
