0.5 237.1500232050561 5.0 71.58620689655172 178.9655172413793 0.0 0.0 0.0
1.263157894736842 235.9506274058816 5.0 71.58620689655172 178.9655172413793 0.0 0.0 0.0
2.026315789473684 230.3326631381512 5.0 71.58620689655172 178.9655172413793 0.0 0.0 0.0
2.7894736842105265 237.316591234003 5.0 71.58620689655172 178.9655172413793 0.0 0.0 0.0
3.5526315789473686 239.72876383427212 5.0 71.58620689655172 178.9655172413793 0.0 0.0 0.0
4.315789473684211 237.14102411865468 5.0 71.58620689655172 178.9655172413793 0.0 0.0 0.0
5.078947368421053 244.42683320575975 5.0 71.58620689655172 178.9655172413793 0.0 0.0 0.0
5.842105263157895 238.66081709332 5.0 71.58620689655172 178.9655172413793 0.0 0.0 0.0
6.605263157894737 242.49377682072483 5.0 71.58620689655172 178.9655172413793 0.0 0.0 0.0
7.36842105263158 239.40495089336233 5.0 71.58620689655172 178.9655172413793 0.0 0.0 0.0
8.131578947368421 241.09991158485218 5.0 71.58620689655172 178.9655172413793 0.0 0.0 0.0
8.894736842105264 239.4584143169731 5.0 71.58620689655172 178.9655172413793 0.0 0.0 0.0
9.657894736842106 242.7270435508831 5.0 71.58620689655172 178.9655172413793 0.0 0.0 0.0
10.421052631578949 238.78850770556963 5.0 71.58620689655172 178.9655172413793 0.0 0.0 0.0
11.18421052631579 240.10905177943877 5.0 71.58620689655172 178.9655172413793 0.0 0.0 0.0
11.947368421052632 239.71968845612255 5.0 71.58620689655172 178.9655172413793 0.0 0.0 0.0
12.710526315789474 237.75583328079045 5.0 71.58620689655172 178.9655172413793 0.0 0.0 0.0
13.473684210526317 239.83563661194646 5.0 71.58620689655172 178.9655172413793 0.0 0.0 0.0
14.23684210526316 245.32384839376545 5.0 71.58620689655172 178.9655172413793 0.0 0.0 0.0
15.0 237.8094988288861 5.0 71.58620689655172 178.9655172413793 0.0 0.0 0.0
