0.5 228.7301974903273 5.0 70.75862068965517 176.89655172413794 0.0 0.0 0.0
1.263157894736842 233.50773122404925 5.0 70.75862068965517 176.89655172413794 0.0 0.0 0.0
2.026315789473684 236.27668435357708 5.0 70.75862068965517 176.89655172413794 0.0 0.0 0.0
2.7894736842105265 235.27712930715788 5.0 70.75862068965517 176.89655172413794 0.0 0.0 0.0
3.5526315789473686 237.29490115478754 5.0 70.75862068965517 176.89655172413794 0.0 0.0 0.0
4.315789473684211 238.23016863252636 5.0 70.75862068965517 176.89655172413794 0.0 0.0 0.0
5.078947368421053 237.68742417480627 5.0 70.75862068965517 176.89655172413794 0.0 0.0 0.0
5.842105263157895 235.21924413785385 5.0 70.75862068965517 176.89655172413794 0.0 0.0 0.0
6.605263157894737 230.3230579321558 5.0 70.75862068965517 176.89655172413794 0.0 0.0 0.0
7.36842105263158 234.4956252189528 5.0 70.75862068965517 176.89655172413794 0.0 0.0 0.0
8.131578947368421 237.1111734099341 5.0 70.75862068965517 176.89655172413794 0.0 0.0 0.0
8.894736842105264 232.5907272078658 5.0 70.75862068965517 176.89655172413794 0.0 0.0 0.0
9.657894736842106 237.75589315588198 5.0 70.75862068965517 176.89655172413794 0.0 0.0 0.0
10.421052631578949 238.58724885731914 5.0 70.75862068965517 176.89655172413794 0.0 0.0 0.0
11.18421052631579 236.24266989440477 5.0 70.75862068965517 176.89655172413794 0.0 0.0 0.0
11.947368421052632 226.67072936658005 5.0 70.75862068965517 176.89655172413794 0.0 0.0 0.0
12.710526315789474 232.0278038773818 5.0 70.75862068965517 176.89655172413794 0.0 0.0 0.0
13.473684210526317 241.52063644118547 5.0 70.75862068965517 176.89655172413794 0.0 0.0 0.0
14.23684210526316 234.2224555864321 5.0 70.75862068965517 176.89655172413794 0.0 0.0 0.0
15.0 229.90963929613025 5.0 70.75862068965517 176.89655172413794 0.0 0.0 0.0
