0.5 245.81769677638417 5.0 72.41379310344827 181.0344827586207 0.0 0.0 0.0
1.263157894736842 240.80909532612534 5.0 72.41379310344827 181.0344827586207 0.0 0.0 0.0
2.026315789473684 235.2150264218017 5.0 72.41379310344827 181.0344827586207 0.0 0.0 0.0
2.7894736842105265 240.81355194580956 5.0 72.41379310344827 181.0344827586207 0.0 0.0 0.0
3.5526315789473686 243.81451747481708 5.0 72.41379310344827 181.0344827586207 0.0 0.0 0.0
4.315789473684211 238.46990915948237 5.0 72.41379310344827 181.0344827586207 0.0 0.0 0.0
5.078947368421053 240.8502124933596 5.0 72.41379310344827 181.0344827586207 0.0 0.0 0.0
5.842105263157895 239.30400111582065 5.0 72.41379310344827 181.0344827586207 0.0 0.0 0.0
6.605263157894737 245.88539810035698 5.0 72.41379310344827 181.0344827586207 0.0 0.0 0.0
7.36842105263158 243.62768139104728 5.0 72.41379310344827 181.0344827586207 0.0 0.0 0.0
8.131578947368421 243.33393220675947 5.0 72.41379310344827 181.0344827586207 0.0 0.0 0.0
8.894736842105264 243.2441142841905 5.0 72.41379310344827 181.0344827586207 0.0 0.0 0.0
9.657894736842106 241.2675625871712 5.0 72.41379310344827 181.0344827586207 0.0 0.0 0.0
10.421052631578949 241.9719791924101 5.0 72.41379310344827 181.0344827586207 0.0 0.0 0.0
11.18421052631579 237.82375660323063 5.0 72.41379310344827 181.0344827586207 0.0 0.0 0.0
11.947368421052632 234.8199844085759 5.0 72.41379310344827 181.0344827586207 0.0 0.0 0.0
12.710526315789474 241.82955373586265 5.0 72.41379310344827 181.0344827586207 0.0 0.0 0.0
13.473684210526317 242.351281113644 5.0 72.41379310344827 181.0344827586207 0.0 0.0 0.0
14.23684210526316 245.00710405010372 5.0 72.41379310344827 181.0344827586207 0.0 0.0 0.0
15.0 246.0933177930747 5.0 72.41379310344827 181.0344827586207 0.0 0.0 0.0
