0.5 238.17088577363995 5.0 70.34482758620689 175.86206896551724 0.0 0.0 0.0
1.263157894736842 232.06477779419427 5.0 70.34482758620689 175.86206896551724 0.0 0.0 0.0
2.026315789473684 230.30174116759113 5.0 70.34482758620689 175.86206896551724 0.0 0.0 0.0
2.7894736842105265 237.31053948338902 5.0 70.34482758620689 175.86206896551724 0.0 0.0 0.0
3.5526315789473686 235.95964935650377 5.0 70.34482758620689 175.86206896551724 0.0 0.0 0.0
4.315789473684211 232.62120275874366 5.0 70.34482758620689 175.86206896551724 0.0 0.0 0.0
5.078947368421053 229.7362575723089 5.0 70.34482758620689 175.86206896551724 0.0 0.0 0.0
5.842105263157895 232.24888855137397 5.0 70.34482758620689 175.86206896551724 0.0 0.0 0.0
6.605263157894737 234.31864531014185 5.0 70.34482758620689 175.86206896551724 0.0 0.0 0.0
7.36842105263158 237.9797748903411 5.0 70.34482758620689 175.86206896551724 0.0 0.0 0.0
8.131578947368421 231.37301269608068 5.0 70.34482758620689 175.86206896551724 0.0 0.0 0.0
8.894736842105264 234.22919897615523 5.0 70.34482758620689 175.86206896551724 0.0 0.0 0.0
9.657894736842106 236.50819260037434 5.0 70.34482758620689 175.86206896551724 0.0 0.0 0.0
10.421052631578949 227.33895660032388 5.0 70.34482758620689 175.86206896551724 0.0 0.0 0.0
11.18421052631579 237.58411712450635 5.0 70.34482758620689 175.86206896551724 0.0 0.0 0.0
11.947368421052632 230.93540690407033 5.0 70.34482758620689 175.86206896551724 0.0 0.0 0.0
12.710526315789474 235.47874510106047 5.0 70.34482758620689 175.86206896551724 0.0 0.0 0.0
13.473684210526317 235.22280806952188 5.0 70.34482758620689 175.86206896551724 0.0 0.0 0.0
14.23684210526316 237.7365177950812 5.0 70.34482758620689 175.86206896551724 0.0 0.0 0.0
15.0 236.13553176337027 5.0 70.34482758620689 175.86206896551724 0.0 0.0 0.0
