0.5 243.31681904702947 5.0 73.24137931034483 183.10344827586206 0.0 0.0 0.0
1.263157894736842 246.50895277983687 5.0 73.24137931034483 183.10344827586206 0.0 0.0 0.0
2.026315789473684 239.53933639942463 5.0 73.24137931034483 183.10344827586206 0.0 0.0 0.0
2.7894736842105265 242.58688835961968 5.0 73.24137931034483 183.10344827586206 0.0 0.0 0.0
3.5526315789473686 246.1900447738349 5.0 73.24137931034483 183.10344827586206 0.0 0.0 0.0
4.315789473684211 242.29567670844966 5.0 73.24137931034483 183.10344827586206 0.0 0.0 0.0
5.078947368421053 239.31151090667285 5.0 73.24137931034483 183.10344827586206 0.0 0.0 0.0
5.842105263157895 246.14359706425296 5.0 73.24137931034483 183.10344827586206 0.0 0.0 0.0
6.605263157894737 247.50721492580738 5.0 73.24137931034483 183.10344827586206 0.0 0.0 0.0
7.36842105263158 244.00294541155375 5.0 73.24137931034483 183.10344827586206 0.0 0.0 0.0
8.131578947368421 238.25539423907418 5.0 73.24137931034483 183.10344827586206 0.0 0.0 0.0
8.894736842105264 246.2558402745792 5.0 73.24137931034483 183.10344827586206 0.0 0.0 0.0
9.657894736842106 239.1582673902237 5.0 73.24137931034483 183.10344827586206 0.0 0.0 0.0
10.421052631578949 245.06432886502725 5.0 73.24137931034483 183.10344827586206 0.0 0.0 0.0
11.18421052631579 241.4755395602563 5.0 73.24137931034483 183.10344827586206 0.0 0.0 0.0
11.947368421052632 240.65841317718187 5.0 73.24137931034483 183.10344827586206 0.0 0.0 0.0
12.710526315789474 242.81220098324368 5.0 73.24137931034483 183.10344827586206 0.0 0.0 0.0
13.473684210526317 243.588038365201 5.0 73.24137931034483 183.10344827586206 0.0 0.0 0.0
14.23684210526316 242.2053062833234 5.0 73.24137931034483 183.10344827586206 0.0 0.0 0.0
15.0 245.9040408691282 5.0 73.24137931034483 183.10344827586206 0.0 0.0 0.0
