0.5 256.48406374704103 5.0 75.3103448275862 188.27586206896552 0.0 0.0 0.0
1.263157894736842 248.39076741631254 5.0 75.3103448275862 188.27586206896552 0.0 0.0 0.0
2.026315789473684 251.68680400453047 5.0 75.3103448275862 188.27586206896552 0.0 0.0 0.0
2.7894736842105265 250.92700851862284 5.0 75.3103448275862 188.27586206896552 0.0 0.0 0.0
3.5526315789473686 250.73358975629048 5.0 75.3103448275862 188.27586206896552 0.0 0.0 0.0
4.315789473684211 250.69151625460646 5.0 75.3103448275862 188.27586206896552 0.0 0.0 0.0
5.078947368421053 251.3557978486491 5.0 75.3103448275862 188.27586206896552 0.0 0.0 0.0
5.842105263157895 253.5783589890118 5.0 75.3103448275862 188.27586206896552 0.0 0.0 0.0
6.605263157894737 255.16769146744494 5.0 75.3103448275862 188.27586206896552 0.0 0.0 0.0
7.36842105263158 251.02773202510824 5.0 75.3103448275862 188.27586206896552 0.0 0.0 0.0
8.131578947368421 253.4804309751356 5.0 75.3103448275862 188.27586206896552 0.0 0.0 0.0
8.894736842105264 248.92918191982034 5.0 75.3103448275862 188.27586206896552 0.0 0.0 0.0
9.657894736842106 253.3323491167994 5.0 75.3103448275862 188.27586206896552 0.0 0.0 0.0
10.421052631578949 248.74850818713972 5.0 75.3103448275862 188.27586206896552 0.0 0.0 0.0
11.18421052631579 254.3064625668851 5.0 75.3103448275862 188.27586206896552 0.0 0.0 0.0
11.947368421052632 257.66640539080043 5.0 75.3103448275862 188.27586206896552 0.0 0.0 0.0
12.710526315789474 250.66823109470653 5.0 75.3103448275862 188.27586206896552 0.0 0.0 0.0
13.473684210526317 244.45685228619848 5.0 75.3103448275862 188.27586206896552 0.0 0.0 0.0
14.23684210526316 249.39026395888624 5.0 75.3103448275862 188.27586206896552 0.0 0.0 0.0
15.0 254.7301081614886 5.0 75.3103448275862 188.27586206896552 0.0 0.0 0.0
