0.5 245.8769332136747 5.0 74.89655172413794 187.24137931034483 0.0 0.0 0.0
1.263157894736842 245.7156692591933 5.0 74.89655172413794 187.24137931034483 0.0 0.0 0.0
2.026315789473684 249.1913401379334 5.0 74.89655172413794 187.24137931034483 0.0 0.0 0.0
2.7894736842105265 246.08853195300028 5.0 74.89655172413794 187.24137931034483 0.0 0.0 0.0
3.5526315789473686 247.5469075343295 5.0 74.89655172413794 187.24137931034483 0.0 0.0 0.0
4.315789473684211 247.33291475884695 5.0 74.89655172413794 187.24137931034483 0.0 0.0 0.0
5.078947368421053 248.33364883124912 5.0 74.89655172413794 187.24137931034483 0.0 0.0 0.0
5.842105263157895 253.62268540836249 5.0 74.89655172413794 187.24137931034483 0.0 0.0 0.0
6.605263157894737 251.64101518208466 5.0 74.89655172413794 187.24137931034483 0.0 0.0 0.0
7.36842105263158 249.70356065962113 5.0 74.89655172413794 187.24137931034483 0.0 0.0 0.0
8.131578947368421 248.2720935720506 5.0 74.89655172413794 187.24137931034483 0.0 0.0 0.0
8.894736842105264 248.35547444392404 5.0 74.89655172413794 187.24137931034483 0.0 0.0 0.0
9.657894736842106 250.63841182364897 5.0 74.89655172413794 187.24137931034483 0.0 0.0 0.0
10.421052631578949 251.40767963385 5.0 74.89655172413794 187.24137931034483 0.0 0.0 0.0
11.18421052631579 246.9323198954913 5.0 74.89655172413794 187.24137931034483 0.0 0.0 0.0
11.947368421052632 249.76461468063582 5.0 74.89655172413794 187.24137931034483 0.0 0.0 0.0
12.710526315789474 243.56031370780403 5.0 74.89655172413794 187.24137931034483 0.0 0.0 0.0
13.473684210526317 250.2903137663049 5.0 74.89655172413794 187.24137931034483 0.0 0.0 0.0
14.23684210526316 251.94162013966917 5.0 74.89655172413794 187.24137931034483 0.0 0.0 0.0
15.0 248.81496653315048 5.0 74.89655172413794 187.24137931034483 0.0 0.0 0.0
