0.5 244.17903324393384 5.0 73.6551724137931 184.13793103448276 0.0 0.0 0.0
1.263157894736842 248.45781399432582 5.0 73.6551724137931 184.13793103448276 0.0 0.0 0.0
2.026315789473684 246.3607608762408 5.0 73.6551724137931 184.13793103448276 0.0 0.0 0.0
2.7894736842105265 243.42456975952143 5.0 73.6551724137931 184.13793103448276 0.0 0.0 0.0
3.5526315789473686 242.9194217278135 5.0 73.6551724137931 184.13793103448276 0.0 0.0 0.0
4.315789473684211 240.57475248216804 5.0 73.6551724137931 184.13793103448276 0.0 0.0 0.0
5.078947368421053 246.38944091291083 5.0 73.6551724137931 184.13793103448276 0.0 0.0 0.0
5.842105263157895 244.45347873755628 5.0 73.6551724137931 184.13793103448276 0.0 0.0 0.0
6.605263157894737 238.4006547951198 5.0 73.6551724137931 184.13793103448276 0.0 0.0 0.0
7.36842105263158 243.91009676100214 5.0 73.6551724137931 184.13793103448276 0.0 0.0 0.0
8.131578947368421 242.8141392915455 5.0 73.6551724137931 184.13793103448276 0.0 0.0 0.0
8.894736842105264 250.24427415582232 5.0 73.6551724137931 184.13793103448276 0.0 0.0 0.0
9.657894736842106 240.40890554363042 5.0 73.6551724137931 184.13793103448276 0.0 0.0 0.0
10.421052631578949 241.19318898010818 5.0 73.6551724137931 184.13793103448276 0.0 0.0 0.0
11.18421052631579 248.84715030862745 5.0 73.6551724137931 184.13793103448276 0.0 0.0 0.0
11.947368421052632 249.58753085170224 5.0 73.6551724137931 184.13793103448276 0.0 0.0 0.0
12.710526315789474 243.2822925631334 5.0 73.6551724137931 184.13793103448276 0.0 0.0 0.0
13.473684210526317 243.6209839108836 5.0 73.6551724137931 184.13793103448276 0.0 0.0 0.0
14.23684210526316 247.36594756897028 5.0 73.6551724137931 184.13793103448276 0.0 0.0 0.0
15.0 238.5359419884744 5.0 73.6551724137931 184.13793103448276 0.0 0.0 0.0
