0.5 241.31297067062127 5.0 74.06896551724138 185.17241379310346 0.0 0.0 0.0
1.263157894736842 246.0543515215858 5.0 74.06896551724138 185.17241379310346 0.0 0.0 0.0
2.026315789473684 251.54622342252532 5.0 74.06896551724138 185.17241379310346 0.0 0.0 0.0
2.7894736842105265 245.58936145963773 5.0 74.06896551724138 185.17241379310346 0.0 0.0 0.0
3.5526315789473686 247.1993620993434 5.0 74.06896551724138 185.17241379310346 0.0 0.0 0.0
4.315789473684211 250.29791954182997 5.0 74.06896551724138 185.17241379310346 0.0 0.0 0.0
5.078947368421053 253.2172059239724 5.0 74.06896551724138 185.17241379310346 0.0 0.0 0.0
5.842105263157895 245.16600630469298 5.0 74.06896551724138 185.17241379310346 0.0 0.0 0.0
6.605263157894737 246.84604155293766 5.0 74.06896551724138 185.17241379310346 0.0 0.0 0.0
7.36842105263158 252.36271738816646 5.0 74.06896551724138 185.17241379310346 0.0 0.0 0.0
8.131578947368421 242.32995389856364 5.0 74.06896551724138 185.17241379310346 0.0 0.0 0.0
8.894736842105264 249.9792949357994 5.0 74.06896551724138 185.17241379310346 0.0 0.0 0.0
9.657894736842106 243.84160512705415 5.0 74.06896551724138 185.17241379310346 0.0 0.0 0.0
10.421052631578949 247.20396882544742 5.0 74.06896551724138 185.17241379310346 0.0 0.0 0.0
11.18421052631579 246.1686945819371 5.0 74.06896551724138 185.17241379310346 0.0 0.0 0.0
11.947368421052632 244.02251692203424 5.0 74.06896551724138 185.17241379310346 0.0 0.0 0.0
12.710526315789474 243.94724594116312 5.0 74.06896551724138 185.17241379310346 0.0 0.0 0.0
13.473684210526317 247.7257948168992 5.0 74.06896551724138 185.17241379310346 0.0 0.0 0.0
14.23684210526316 249.88316970862599 5.0 74.06896551724138 185.17241379310346 0.0 0.0 0.0
15.0 246.50734311457242 5.0 74.06896551724138 185.17241379310346 0.0 0.0 0.0
