0.5 256.6131372506388 5.0 76.55172413793103 191.3793103448276 0.0 0.0 0.0
1.263157894736842 256.39559890195756 5.0 76.55172413793103 191.3793103448276 0.0 0.0 0.0
2.026315789473684 254.2107926580908 5.0 76.55172413793103 191.3793103448276 0.0 0.0 0.0
2.7894736842105265 257.53486190626006 5.0 76.55172413793103 191.3793103448276 0.0 0.0 0.0
3.5526315789473686 255.03573941283983 5.0 76.55172413793103 191.3793103448276 0.0 0.0 0.0
4.315789473684211 253.71107311065794 5.0 76.55172413793103 191.3793103448276 0.0 0.0 0.0
5.078947368421053 254.23673985633727 5.0 76.55172413793103 191.3793103448276 0.0 0.0 0.0
5.842105263157895 261.23433288943096 5.0 76.55172413793103 191.3793103448276 0.0 0.0 0.0
6.605263157894737 249.96748554696717 5.0 76.55172413793103 191.3793103448276 0.0 0.0 0.0
7.36842105263158 256.6717781059909 5.0 76.55172413793103 191.3793103448276 0.0 0.0 0.0
8.131578947368421 250.1350825102323 5.0 76.55172413793103 191.3793103448276 0.0 0.0 0.0
8.894736842105264 254.84771377813453 5.0 76.55172413793103 191.3793103448276 0.0 0.0 0.0
9.657894736842106 253.8715313376409 5.0 76.55172413793103 191.3793103448276 0.0 0.0 0.0
10.421052631578949 248.91732890306383 5.0 76.55172413793103 191.3793103448276 0.0 0.0 0.0
11.18421052631579 256.33952656440476 5.0 76.55172413793103 191.3793103448276 0.0 0.0 0.0
11.947368421052632 254.03229960652686 5.0 76.55172413793103 191.3793103448276 0.0 0.0 0.0
12.710526315789474 248.87479476541972 5.0 76.55172413793103 191.3793103448276 0.0 0.0 0.0
13.473684210526317 257.6911180654262 5.0 76.55172413793103 191.3793103448276 0.0 0.0 0.0
14.23684210526316 259.4774323270703 5.0 76.55172413793103 191.3793103448276 0.0 0.0 0.0
15.0 259.64278681999315 5.0 76.55172413793103 191.3793103448276 0.0 0.0 0.0
