0.5 248.48620154516516 5.0 74.48275862068965 186.20689655172413 0.0 0.0 0.0
1.263157894736842 249.98938426783866 5.0 74.48275862068965 186.20689655172413 0.0 0.0 0.0
2.026315789473684 245.36100574992665 5.0 74.48275862068965 186.20689655172413 0.0 0.0 0.0
2.7894736842105265 250.49493959420428 5.0 74.48275862068965 186.20689655172413 0.0 0.0 0.0
3.5526315789473686 250.73389136014475 5.0 74.48275862068965 186.20689655172413 0.0 0.0 0.0
4.315789473684211 256.08674096521673 5.0 74.48275862068965 186.20689655172413 0.0 0.0 0.0
5.078947368421053 247.14754949728678 5.0 74.48275862068965 186.20689655172413 0.0 0.0 0.0
5.842105263157895 246.90161666396114 5.0 74.48275862068965 186.20689655172413 0.0 0.0 0.0
6.605263157894737 250.58275968368676 5.0 74.48275862068965 186.20689655172413 0.0 0.0 0.0
7.36842105263158 250.73317457570195 5.0 74.48275862068965 186.20689655172413 0.0 0.0 0.0
8.131578947368421 246.6706006088354 5.0 74.48275862068965 186.20689655172413 0.0 0.0 0.0
8.894736842105264 247.06637403817538 5.0 74.48275862068965 186.20689655172413 0.0 0.0 0.0
9.657894736842106 249.89925458361964 5.0 74.48275862068965 186.20689655172413 0.0 0.0 0.0
10.421052631578949 245.79310934676153 5.0 74.48275862068965 186.20689655172413 0.0 0.0 0.0
11.18421052631579 247.04426010492048 5.0 74.48275862068965 186.20689655172413 0.0 0.0 0.0
11.947368421052632 248.54464037107084 5.0 74.48275862068965 186.20689655172413 0.0 0.0 0.0
12.710526315789474 251.2636781234323 5.0 74.48275862068965 186.20689655172413 0.0 0.0 0.0
13.473684210526317 246.4620662204269 5.0 74.48275862068965 186.20689655172413 0.0 0.0 0.0
14.23684210526316 242.7487086828735 5.0 74.48275862068965 186.20689655172413 0.0 0.0 0.0
15.0 242.52606966641088 5.0 74.48275862068965 186.20689655172413 0.0 0.0 0.0
