0.5 254.07302346452403 5.0 75.72413793103448 189.31034482758622 0.0 0.0 0.0
1.263157894736842 253.16053389947336 5.0 75.72413793103448 189.31034482758622 0.0 0.0 0.0
2.026315789473684 255.43979817131282 5.0 75.72413793103448 189.31034482758622 0.0 0.0 0.0
2.7894736842105265 253.86715342119356 5.0 75.72413793103448 189.31034482758622 0.0 0.0 0.0
3.5526315789473686 256.0669686658017 5.0 75.72413793103448 189.31034482758622 0.0 0.0 0.0
4.315789473684211 255.17206413338923 5.0 75.72413793103448 189.31034482758622 0.0 0.0 0.0
5.078947368421053 256.97889446165914 5.0 75.72413793103448 189.31034482758622 0.0 0.0 0.0
5.842105263157895 253.49018135516704 5.0 75.72413793103448 189.31034482758622 0.0 0.0 0.0
6.605263157894737 255.12957130793015 5.0 75.72413793103448 189.31034482758622 0.0 0.0 0.0
7.36842105263158 251.49241188419091 5.0 75.72413793103448 189.31034482758622 0.0 0.0 0.0
8.131578947368421 250.60941066877126 5.0 75.72413793103448 189.31034482758622 0.0 0.0 0.0
8.894736842105264 257.5340960247052 5.0 75.72413793103448 189.31034482758622 0.0 0.0 0.0
9.657894736842106 253.06240713241635 5.0 75.72413793103448 189.31034482758622 0.0 0.0 0.0
10.421052631578949 254.82843480103543 5.0 75.72413793103448 189.31034482758622 0.0 0.0 0.0
11.18421052631579 252.78501314668245 5.0 75.72413793103448 189.31034482758622 0.0 0.0 0.0
11.947368421052632 250.65424615068838 5.0 75.72413793103448 189.31034482758622 0.0 0.0 0.0
12.710526315789474 252.4467417811955 5.0 75.72413793103448 189.31034482758622 0.0 0.0 0.0
13.473684210526317 256.72177515675145 5.0 75.72413793103448 189.31034482758622 0.0 0.0 0.0
14.23684210526316 254.07951332628656 5.0 75.72413793103448 189.31034482758622 0.0 0.0 0.0
15.0 247.27937362425692 5.0 75.72413793103448 189.31034482758622 0.0 0.0 0.0
