0.5 257.62859345988545 5.0 76.96551724137932 192.41379310344828 0.0 0.0 0.0
1.263157894736842 256.6898985536624 5.0 76.96551724137932 192.41379310344828 0.0 0.0 0.0
2.026315789473684 260.5361940006184 5.0 76.96551724137932 192.41379310344828 0.0 0.0 0.0
2.7894736842105265 261.59887489395135 5.0 76.96551724137932 192.41379310344828 0.0 0.0 0.0
3.5526315789473686 259.9524302465579 5.0 76.96551724137932 192.41379310344828 0.0 0.0 0.0
4.315789473684211 253.72711133124164 5.0 76.96551724137932 192.41379310344828 0.0 0.0 0.0
5.078947368421053 257.15575869757583 5.0 76.96551724137932 192.41379310344828 0.0 0.0 0.0
5.842105263157895 257.87027257080535 5.0 76.96551724137932 192.41379310344828 0.0 0.0 0.0
6.605263157894737 251.12287323117937 5.0 76.96551724137932 192.41379310344828 0.0 0.0 0.0
7.36842105263158 257.95980611679335 5.0 76.96551724137932 192.41379310344828 0.0 0.0 0.0
8.131578947368421 263.3706996158692 5.0 76.96551724137932 192.41379310344828 0.0 0.0 0.0
8.894736842105264 258.4715326353334 5.0 76.96551724137932 192.41379310344828 0.0 0.0 0.0
9.657894736842106 260.9719633822563 5.0 76.96551724137932 192.41379310344828 0.0 0.0 0.0
10.421052631578949 257.10046832831716 5.0 76.96551724137932 192.41379310344828 0.0 0.0 0.0
11.18421052631579 256.3320691659796 5.0 76.96551724137932 192.41379310344828 0.0 0.0 0.0
11.947368421052632 257.695538308174 5.0 76.96551724137932 192.41379310344828 0.0 0.0 0.0
12.710526315789474 254.10424419397773 5.0 76.96551724137932 192.41379310344828 0.0 0.0 0.0
13.473684210526317 253.6603985762279 5.0 76.96551724137932 192.41379310344828 0.0 0.0 0.0
14.23684210526316 260.35063780943915 5.0 76.96551724137932 192.41379310344828 0.0 0.0 0.0
15.0 260.6687511665306 5.0 76.96551724137932 192.41379310344828 0.0 0.0 0.0
