0.5 254.95771553599656 5.0 77.37931034482757 193.44827586206895 0.0 0.0 0.0
1.263157894736842 260.8350308964202 5.0 77.37931034482757 193.44827586206895 0.0 0.0 0.0
2.026315789473684 257.67015455594054 5.0 77.37931034482757 193.44827586206895 0.0 0.0 0.0
2.7894736842105265 258.9504602062299 5.0 77.37931034482757 193.44827586206895 0.0 0.0 0.0
3.5526315789473686 259.3116904010638 5.0 77.37931034482757 193.44827586206895 0.0 0.0 0.0
4.315789473684211 260.91408588713153 5.0 77.37931034482757 193.44827586206895 0.0 0.0 0.0
5.078947368421053 258.17918908834815 5.0 77.37931034482757 193.44827586206895 0.0 0.0 0.0
5.842105263157895 262.16152046866443 5.0 77.37931034482757 193.44827586206895 0.0 0.0 0.0
6.605263157894737 258.8592730020384 5.0 77.37931034482757 193.44827586206895 0.0 0.0 0.0
7.36842105263158 259.8035873001672 5.0 77.37931034482757 193.44827586206895 0.0 0.0 0.0
8.131578947368421 255.43124670814686 5.0 77.37931034482757 193.44827586206895 0.0 0.0 0.0
8.894736842105264 264.4070115148731 5.0 77.37931034482757 193.44827586206895 0.0 0.0 0.0
9.657894736842106 259.3405092523735 5.0 77.37931034482757 193.44827586206895 0.0 0.0 0.0
10.421052631578949 260.0700267587939 5.0 77.37931034482757 193.44827586206895 0.0 0.0 0.0
11.18421052631579 253.10647704912398 5.0 77.37931034482757 193.44827586206895 0.0 0.0 0.0
11.947368421052632 255.4629284135213 5.0 77.37931034482757 193.44827586206895 0.0 0.0 0.0
12.710526315789474 261.6446855465148 5.0 77.37931034482757 193.44827586206895 0.0 0.0 0.0
13.473684210526317 258.7917078376364 5.0 77.37931034482757 193.44827586206895 0.0 0.0 0.0
14.23684210526316 252.1896952782718 5.0 77.37931034482757 193.44827586206895 0.0 0.0 0.0
15.0 261.04590426971004 5.0 77.37931034482757 193.44827586206895 0.0 0.0 0.0
