0.5 253.1473700785474 5.0 76.13793103448276 190.34482758620692 0.0 0.0 0.0
1.263157894736842 259.13998482639 5.0 76.13793103448276 190.34482758620692 0.0 0.0 0.0
2.026315789473684 253.15171286272601 5.0 76.13793103448276 190.34482758620692 0.0 0.0 0.0
2.7894736842105265 248.39166737307332 5.0 76.13793103448276 190.34482758620692 0.0 0.0 0.0
3.5526315789473686 259.4722501045435 5.0 76.13793103448276 190.34482758620692 0.0 0.0 0.0
4.315789473684211 255.84028097771426 5.0 76.13793103448276 190.34482758620692 0.0 0.0 0.0
5.078947368421053 253.58306487183748 5.0 76.13793103448276 190.34482758620692 0.0 0.0 0.0
5.842105263157895 252.67885024002967 5.0 76.13793103448276 190.34482758620692 0.0 0.0 0.0
6.605263157894737 257.0401592376511 5.0 76.13793103448276 190.34482758620692 0.0 0.0 0.0
7.36842105263158 252.1671532475973 5.0 76.13793103448276 190.34482758620692 0.0 0.0 0.0
8.131578947368421 257.23787272182386 5.0 76.13793103448276 190.34482758620692 0.0 0.0 0.0
8.894736842105264 255.41968930544863 5.0 76.13793103448276 190.34482758620692 0.0 0.0 0.0
9.657894736842106 254.5271492247379 5.0 76.13793103448276 190.34482758620692 0.0 0.0 0.0
10.421052631578949 254.22964786428267 5.0 76.13793103448276 190.34482758620692 0.0 0.0 0.0
11.18421052631579 253.26819933813334 5.0 76.13793103448276 190.34482758620692 0.0 0.0 0.0
11.947368421052632 256.9300238089037 5.0 76.13793103448276 190.34482758620692 0.0 0.0 0.0
12.710526315789474 251.19707495197036 5.0 76.13793103448276 190.34482758620692 0.0 0.0 0.0
13.473684210526317 248.92732806778525 5.0 76.13793103448276 190.34482758620692 0.0 0.0 0.0
14.23684210526316 255.63642381695328 5.0 76.13793103448276 190.34482758620692 0.0 0.0 0.0
15.0 255.6868184324773 5.0 76.13793103448276 190.34482758620692 0.0 0.0 0.0
