0.5 268.11330826504627 5.0 80.27586206896552 200.6896551724138 0.0 0.0 0.0
1.263157894736842 271.4559959924065 5.0 80.27586206896552 200.6896551724138 0.0 0.0 0.0
2.026315789473684 262.38237240574017 5.0 80.27586206896552 200.6896551724138 0.0 0.0 0.0
2.7894736842105265 268.12514693889193 5.0 80.27586206896552 200.6896551724138 0.0 0.0 0.0
3.5526315789473686 265.8300713906326 5.0 80.27586206896552 200.6896551724138 0.0 0.0 0.0
4.315789473684211 266.4740757431324 5.0 80.27586206896552 200.6896551724138 0.0 0.0 0.0
5.078947368421053 264.8717843869085 5.0 80.27586206896552 200.6896551724138 0.0 0.0 0.0
5.842105263157895 267.0775547494504 5.0 80.27586206896552 200.6896551724138 0.0 0.0 0.0
6.605263157894737 273.10997373983247 5.0 80.27586206896552 200.6896551724138 0.0 0.0 0.0
7.36842105263158 263.7929158130201 5.0 80.27586206896552 200.6896551724138 0.0 0.0 0.0
8.131578947368421 264.07737688911527 5.0 80.27586206896552 200.6896551724138 0.0 0.0 0.0
8.894736842105264 263.68040318606126 5.0 80.27586206896552 200.6896551724138 0.0 0.0 0.0
9.657894736842106 272.76846175643607 5.0 80.27586206896552 200.6896551724138 0.0 0.0 0.0
10.421052631578949 266.1991877799879 5.0 80.27586206896552 200.6896551724138 0.0 0.0 0.0
11.18421052631579 267.5092897155087 5.0 80.27586206896552 200.6896551724138 0.0 0.0 0.0
11.947368421052632 266.377858073233 5.0 80.27586206896552 200.6896551724138 0.0 0.0 0.0
12.710526315789474 264.7529382613425 5.0 80.27586206896552 200.6896551724138 0.0 0.0 0.0
13.473684210526317 266.8807549567084 5.0 80.27586206896552 200.6896551724138 0.0 0.0 0.0
14.23684210526316 274.96093771376144 5.0 80.27586206896552 200.6896551724138 0.0 0.0 0.0
15.0 271.7624196594745 5.0 80.27586206896552 200.6896551724138 0.0 0.0 0.0
