0.5 276.23765808680224 5.0 81.51724137931036 203.7931034482759 0.0 0.0 0.0
1.263157894736842 269.7409306436131 5.0 81.51724137931036 203.7931034482759 0.0 0.0 0.0
2.026315789473684 273.2273942289019 5.0 81.51724137931036 203.7931034482759 0.0 0.0 0.0
2.7894736842105265 274.9220708202639 5.0 81.51724137931036 203.7931034482759 0.0 0.0 0.0
3.5526315789473686 272.8784435636495 5.0 81.51724137931036 203.7931034482759 0.0 0.0 0.0
4.315789473684211 272.00754790649347 5.0 81.51724137931036 203.7931034482759 0.0 0.0 0.0
5.078947368421053 271.7565441856026 5.0 81.51724137931036 203.7931034482759 0.0 0.0 0.0
5.842105263157895 271.5548146403732 5.0 81.51724137931036 203.7931034482759 0.0 0.0 0.0
6.605263157894737 269.994042464252 5.0 81.51724137931036 203.7931034482759 0.0 0.0 0.0
7.36842105263158 270.37568764172545 5.0 81.51724137931036 203.7931034482759 0.0 0.0 0.0
8.131578947368421 276.16290905198736 5.0 81.51724137931036 203.7931034482759 0.0 0.0 0.0
8.894736842105264 271.3985280329791 5.0 81.51724137931036 203.7931034482759 0.0 0.0 0.0
9.657894736842106 269.36674912288623 5.0 81.51724137931036 203.7931034482759 0.0 0.0 0.0
10.421052631578949 270.17524514045 5.0 81.51724137931036 203.7931034482759 0.0 0.0 0.0
11.18421052631579 275.0252499731262 5.0 81.51724137931036 203.7931034482759 0.0 0.0 0.0
11.947368421052632 273.75095783052797 5.0 81.51724137931036 203.7931034482759 0.0 0.0 0.0
12.710526315789474 273.4051254657313 5.0 81.51724137931036 203.7931034482759 0.0 0.0 0.0
13.473684210526317 270.9515743343052 5.0 81.51724137931036 203.7931034482759 0.0 0.0 0.0
14.23684210526316 273.44422534155336 5.0 81.51724137931036 203.7931034482759 0.0 0.0 0.0
15.0 269.7934545561826 5.0 81.51724137931036 203.7931034482759 0.0 0.0 0.0
