0.5 257.67899641452806 5.0 77.79310344827586 194.48275862068965 0.0 0.0 0.0
1.263157894736842 263.5442957852164 5.0 77.79310344827586 194.48275862068965 0.0 0.0 0.0
2.026315789473684 259.04683779177515 5.0 77.79310344827586 194.48275862068965 0.0 0.0 0.0
2.7894736842105265 259.9244648856478 5.0 77.79310344827586 194.48275862068965 0.0 0.0 0.0
3.5526315789473686 262.84720856336116 5.0 77.79310344827586 194.48275862068965 0.0 0.0 0.0
4.315789473684211 256.6178659150222 5.0 77.79310344827586 194.48275862068965 0.0 0.0 0.0
5.078947368421053 256.3318044040844 5.0 77.79310344827586 194.48275862068965 0.0 0.0 0.0
5.842105263157895 258.7208495663919 5.0 77.79310344827586 194.48275862068965 0.0 0.0 0.0
6.605263157894737 261.7918632264499 5.0 77.79310344827586 194.48275862068965 0.0 0.0 0.0
7.36842105263158 255.31771306974574 5.0 77.79310344827586 194.48275862068965 0.0 0.0 0.0
8.131578947368421 254.30624102791893 5.0 77.79310344827586 194.48275862068965 0.0 0.0 0.0
8.894736842105264 261.7815076087176 5.0 77.79310344827586 194.48275862068965 0.0 0.0 0.0
9.657894736842106 257.5014098898852 5.0 77.79310344827586 194.48275862068965 0.0 0.0 0.0
10.421052631578949 258.1336667888254 5.0 77.79310344827586 194.48275862068965 0.0 0.0 0.0
11.18421052631579 253.7399136217657 5.0 77.79310344827586 194.48275862068965 0.0 0.0 0.0
11.947368421052632 257.2734068845303 5.0 77.79310344827586 194.48275862068965 0.0 0.0 0.0
12.710526315789474 259.2876429376928 5.0 77.79310344827586 194.48275862068965 0.0 0.0 0.0
13.473684210526317 262.1014784004549 5.0 77.79310344827586 194.48275862068965 0.0 0.0 0.0
14.23684210526316 256.9966543288823 5.0 77.79310344827586 194.48275862068965 0.0 0.0 0.0
15.0 264.2824731882837 5.0 77.79310344827586 194.48275862068965 0.0 0.0 0.0
