0.5 268.26143186043083 5.0 81.10344827586208 202.75862068965517 0.0 0.0 0.0
1.263157894736842 265.4939493857121 5.0 81.10344827586208 202.75862068965517 0.0 0.0 0.0
2.026315789473684 268.7442690091583 5.0 81.10344827586208 202.75862068965517 0.0 0.0 0.0
2.7894736842105265 273.01220953878794 5.0 81.10344827586208 202.75862068965517 0.0 0.0 0.0
3.5526315789473686 268.718815875629 5.0 81.10344827586208 202.75862068965517 0.0 0.0 0.0
4.315789473684211 268.26269761463396 5.0 81.10344827586208 202.75862068965517 0.0 0.0 0.0
5.078947368421053 264.880776560433 5.0 81.10344827586208 202.75862068965517 0.0 0.0 0.0
5.842105263157895 275.60277024985976 5.0 81.10344827586208 202.75862068965517 0.0 0.0 0.0
6.605263157894737 272.82196851048286 5.0 81.10344827586208 202.75862068965517 0.0 0.0 0.0
7.36842105263158 272.65451553003123 5.0 81.10344827586208 202.75862068965517 0.0 0.0 0.0
8.131578947368421 273.24800374654535 5.0 81.10344827586208 202.75862068965517 0.0 0.0 0.0
8.894736842105264 272.07495267083715 5.0 81.10344827586208 202.75862068965517 0.0 0.0 0.0
9.657894736842106 269.61184102066835 5.0 81.10344827586208 202.75862068965517 0.0 0.0 0.0
10.421052631578949 269.8535352738403 5.0 81.10344827586208 202.75862068965517 0.0 0.0 0.0
11.18421052631579 269.0621344924305 5.0 81.10344827586208 202.75862068965517 0.0 0.0 0.0
11.947368421052632 278.2490498494519 5.0 81.10344827586208 202.75862068965517 0.0 0.0 0.0
12.710526315789474 272.01256368010525 5.0 81.10344827586208 202.75862068965517 0.0 0.0 0.0
13.473684210526317 268.9534262621526 5.0 81.10344827586208 202.75862068965517 0.0 0.0 0.0
14.23684210526316 271.74131790870575 5.0 81.10344827586208 202.75862068965517 0.0 0.0 0.0
15.0 267.312220832638 5.0 81.10344827586208 202.75862068965517 0.0 0.0 0.0
