0.5 258.63598709987446 5.0 78.20689655172414 195.51724137931038 0.0 0.0 0.0
1.263157894736842 258.6403797676583 5.0 78.20689655172414 195.51724137931038 0.0 0.0 0.0
2.026315789473684 265.30172782810723 5.0 78.20689655172414 195.51724137931038 0.0 0.0 0.0
2.7894736842105265 261.3240356295056 5.0 78.20689655172414 195.51724137931038 0.0 0.0 0.0
3.5526315789473686 259.0335809853791 5.0 78.20689655172414 195.51724137931038 0.0 0.0 0.0
4.315789473684211 260.2242557788721 5.0 78.20689655172414 195.51724137931038 0.0 0.0 0.0
5.078947368421053 264.74887590504 5.0 78.20689655172414 195.51724137931038 0.0 0.0 0.0
5.842105263157895 265.0882636312909 5.0 78.20689655172414 195.51724137931038 0.0 0.0 0.0
6.605263157894737 258.2392756346031 5.0 78.20689655172414 195.51724137931038 0.0 0.0 0.0
7.36842105263158 260.5623537421765 5.0 78.20689655172414 195.51724137931038 0.0 0.0 0.0
8.131578947368421 260.96012565541656 5.0 78.20689655172414 195.51724137931038 0.0 0.0 0.0
8.894736842105264 257.73093484086405 5.0 78.20689655172414 195.51724137931038 0.0 0.0 0.0
9.657894736842106 260.5226000144639 5.0 78.20689655172414 195.51724137931038 0.0 0.0 0.0
10.421052631578949 260.7056237537689 5.0 78.20689655172414 195.51724137931038 0.0 0.0 0.0
11.18421052631579 264.11028360922404 5.0 78.20689655172414 195.51724137931038 0.0 0.0 0.0
11.947368421052632 264.31193025734746 5.0 78.20689655172414 195.51724137931038 0.0 0.0 0.0
12.710526315789474 259.7020269773368 5.0 78.20689655172414 195.51724137931038 0.0 0.0 0.0
13.473684210526317 260.0477957408314 5.0 78.20689655172414 195.51724137931038 0.0 0.0 0.0
14.23684210526316 262.6825320785807 5.0 78.20689655172414 195.51724137931038 0.0 0.0 0.0
15.0 258.9340898256328 5.0 78.20689655172414 195.51724137931038 0.0 0.0 0.0
