0.5 263.8348859724536 5.0 78.62068965517241 196.55172413793105 0.0 0.0 0.0
1.263157894736842 261.80524605513375 5.0 78.62068965517241 196.55172413793105 0.0 0.0 0.0
2.026315789473684 259.16076978402555 5.0 78.62068965517241 196.55172413793105 0.0 0.0 0.0
2.7894736842105265 259.19845537860243 5.0 78.62068965517241 196.55172413793105 0.0 0.0 0.0
3.5526315789473686 266.41014160533473 5.0 78.62068965517241 196.55172413793105 0.0 0.0 0.0
4.315789473684211 261.5997010798115 5.0 78.62068965517241 196.55172413793105 0.0 0.0 0.0
5.078947368421053 266.99002779893635 5.0 78.62068965517241 196.55172413793105 0.0 0.0 0.0
5.842105263157895 260.52805673509664 5.0 78.62068965517241 196.55172413793105 0.0 0.0 0.0
6.605263157894737 262.94258112063585 5.0 78.62068965517241 196.55172413793105 0.0 0.0 0.0
7.36842105263158 269.24699568629615 5.0 78.62068965517241 196.55172413793105 0.0 0.0 0.0
8.131578947368421 258.8968052832516 5.0 78.62068965517241 196.55172413793105 0.0 0.0 0.0
8.894736842105264 256.37552201754204 5.0 78.62068965517241 196.55172413793105 0.0 0.0 0.0
9.657894736842106 265.9287359111031 5.0 78.62068965517241 196.55172413793105 0.0 0.0 0.0
10.421052631578949 259.5885382010622 5.0 78.62068965517241 196.55172413793105 0.0 0.0 0.0
11.18421052631579 262.0068464249227 5.0 78.62068965517241 196.55172413793105 0.0 0.0 0.0
11.947368421052632 260.3112108858866 5.0 78.62068965517241 196.55172413793105 0.0 0.0 0.0
12.710526315789474 262.87345386010736 5.0 78.62068965517241 196.55172413793105 0.0 0.0 0.0
13.473684210526317 259.2173568956842 5.0 78.62068965517241 196.55172413793105 0.0 0.0 0.0
14.23684210526316 261.5291452535915 5.0 78.62068965517241 196.55172413793105 0.0 0.0 0.0
15.0 263.418411496911 5.0 78.62068965517241 196.55172413793105 0.0 0.0 0.0
