0.5 268.5261774368236 5.0 79.44827586206897 198.62068965517244 0.0 0.0 0.0
1.263157894736842 264.16279769690226 5.0 79.44827586206897 198.62068965517244 0.0 0.0 0.0
2.026315789473684 267.8144906252501 5.0 79.44827586206897 198.62068965517244 0.0 0.0 0.0
2.7894736842105265 262.7572395834407 5.0 79.44827586206897 198.62068965517244 0.0 0.0 0.0
3.5526315789473686 260.37096872832973 5.0 79.44827586206897 198.62068965517244 0.0 0.0 0.0
4.315789473684211 265.25109326339447 5.0 79.44827586206897 198.62068965517244 0.0 0.0 0.0
5.078947368421053 259.5581560446576 5.0 79.44827586206897 198.62068965517244 0.0 0.0 0.0
5.842105263157895 264.1082731682158 5.0 79.44827586206897 198.62068965517244 0.0 0.0 0.0
6.605263157894737 268.6881129948331 5.0 79.44827586206897 198.62068965517244 0.0 0.0 0.0
7.36842105263158 259.09829748965774 5.0 79.44827586206897 198.62068965517244 0.0 0.0 0.0
8.131578947368421 260.9890958191549 5.0 79.44827586206897 198.62068965517244 0.0 0.0 0.0
8.894736842105264 261.73148947141186 5.0 79.44827586206897 198.62068965517244 0.0 0.0 0.0
9.657894736842106 264.63762662776367 5.0 79.44827586206897 198.62068965517244 0.0 0.0 0.0
10.421052631578949 263.7304358499579 5.0 79.44827586206897 198.62068965517244 0.0 0.0 0.0
11.18421052631579 269.02499535198484 5.0 79.44827586206897 198.62068965517244 0.0 0.0 0.0
11.947368421052632 267.69063119417166 5.0 79.44827586206897 198.62068965517244 0.0 0.0 0.0
12.710526315789474 266.31340504510234 5.0 79.44827586206897 198.62068965517244 0.0 0.0 0.0
13.473684210526317 265.2644771499282 5.0 79.44827586206897 198.62068965517244 0.0 0.0 0.0
14.23684210526316 266.00727553785106 5.0 79.44827586206897 198.62068965517244 0.0 0.0 0.0
15.0 262.24163914095647 5.0 79.44827586206897 198.62068965517244 0.0 0.0 0.0
