0.5 260.4233492032462 5.0 79.03448275862068 197.58620689655172 0.0 0.0 0.0
1.263157894736842 261.3480237731313 5.0 79.03448275862068 197.58620689655172 0.0 0.0 0.0
2.026315789473684 262.4061273612734 5.0 79.03448275862068 197.58620689655172 0.0 0.0 0.0
2.7894736842105265 259.1618295593901 5.0 79.03448275862068 197.58620689655172 0.0 0.0 0.0
3.5526315789473686 262.18059291367274 5.0 79.03448275862068 197.58620689655172 0.0 0.0 0.0
4.315789473684211 263.80466548177765 5.0 79.03448275862068 197.58620689655172 0.0 0.0 0.0
5.078947368421053 262.2496290373037 5.0 79.03448275862068 197.58620689655172 0.0 0.0 0.0
5.842105263157895 262.6341463832738 5.0 79.03448275862068 197.58620689655172 0.0 0.0 0.0
6.605263157894737 263.3885708493492 5.0 79.03448275862068 197.58620689655172 0.0 0.0 0.0
7.36842105263158 261.48104547477203 5.0 79.03448275862068 197.58620689655172 0.0 0.0 0.0
8.131578947368421 265.5214635596696 5.0 79.03448275862068 197.58620689655172 0.0 0.0 0.0
8.894736842105264 267.75621023647426 5.0 79.03448275862068 197.58620689655172 0.0 0.0 0.0
9.657894736842106 262.0551346854826 5.0 79.03448275862068 197.58620689655172 0.0 0.0 0.0
10.421052631578949 264.90387055650206 5.0 79.03448275862068 197.58620689655172 0.0 0.0 0.0
11.18421052631579 262.729424395765 5.0 79.03448275862068 197.58620689655172 0.0 0.0 0.0
11.947368421052632 264.54473789718446 5.0 79.03448275862068 197.58620689655172 0.0 0.0 0.0
12.710526315789474 268.1456144556787 5.0 79.03448275862068 197.58620689655172 0.0 0.0 0.0
13.473684210526317 264.97425449112325 5.0 79.03448275862068 197.58620689655172 0.0 0.0 0.0
14.23684210526316 258.12803224563993 5.0 79.03448275862068 197.58620689655172 0.0 0.0 0.0
15.0 264.8102627564098 5.0 79.03448275862068 197.58620689655172 0.0 0.0 0.0
