0.5 285.2480490695755 5.0 85.6551724137931 214.13793103448276 0.0 0.0 0.0
1.263157894736842 290.1529378344 5.0 85.6551724137931 214.13793103448276 0.0 0.0 0.0
2.026315789473684 284.9303743868873 5.0 85.6551724137931 214.13793103448276 0.0 0.0 0.0
2.7894736842105265 286.2951043039151 5.0 85.6551724137931 214.13793103448276 0.0 0.0 0.0
3.5526315789473686 281.55314916437453 5.0 85.6551724137931 214.13793103448276 0.0 0.0 0.0
4.315789473684211 284.17602360370677 5.0 85.6551724137931 214.13793103448276 0.0 0.0 0.0
5.078947368421053 286.1488453916781 5.0 85.6551724137931 214.13793103448276 0.0 0.0 0.0
5.842105263157895 290.2752528721899 5.0 85.6551724137931 214.13793103448276 0.0 0.0 0.0
6.605263157894737 286.1831897123392 5.0 85.6551724137931 214.13793103448276 0.0 0.0 0.0
7.36842105263158 289.66840246288933 5.0 85.6551724137931 214.13793103448276 0.0 0.0 0.0
8.131578947368421 287.4394287099191 5.0 85.6551724137931 214.13793103448276 0.0 0.0 0.0
8.894736842105264 290.3994453977044 5.0 85.6551724137931 214.13793103448276 0.0 0.0 0.0
9.657894736842106 285.3401147273952 5.0 85.6551724137931 214.13793103448276 0.0 0.0 0.0
10.421052631578949 292.6879095112658 5.0 85.6551724137931 214.13793103448276 0.0 0.0 0.0
11.18421052631579 284.061052770568 5.0 85.6551724137931 214.13793103448276 0.0 0.0 0.0
11.947368421052632 283.21785587671735 5.0 85.6551724137931 214.13793103448276 0.0 0.0 0.0
12.710526315789474 281.88708283024323 5.0 85.6551724137931 214.13793103448276 0.0 0.0 0.0
13.473684210526317 292.51031539398457 5.0 85.6551724137931 214.13793103448276 0.0 0.0 0.0
14.23684210526316 287.975584097164 5.0 85.6551724137931 214.13793103448276 0.0 0.0 0.0
15.0 284.51487917916944 5.0 85.6551724137931 214.13793103448276 0.0 0.0 0.0
