0.5 272.835461019399 5.0 83.17241379310346 207.93103448275866 0.0 0.0 0.0
1.263157894736842 279.1399842810167 5.0 83.17241379310346 207.93103448275866 0.0 0.0 0.0
2.026315789473684 274.891176148655 5.0 83.17241379310346 207.93103448275866 0.0 0.0 0.0
2.7894736842105265 286.4199729973354 5.0 83.17241379310346 207.93103448275866 0.0 0.0 0.0
3.5526315789473686 273.98315856250747 5.0 83.17241379310346 207.93103448275866 0.0 0.0 0.0
4.315789473684211 273.46923188540075 5.0 83.17241379310346 207.93103448275866 0.0 0.0 0.0
5.078947368421053 278.7717954571852 5.0 83.17241379310346 207.93103448275866 0.0 0.0 0.0
5.842105263157895 281.82931974724676 5.0 83.17241379310346 207.93103448275866 0.0 0.0 0.0
6.605263157894737 277.4351482811745 5.0 83.17241379310346 207.93103448275866 0.0 0.0 0.0
7.36842105263158 278.9581065709067 5.0 83.17241379310346 207.93103448275866 0.0 0.0 0.0
8.131578947368421 271.71073705796874 5.0 83.17241379310346 207.93103448275866 0.0 0.0 0.0
8.894736842105264 275.2088446732696 5.0 83.17241379310346 207.93103448275866 0.0 0.0 0.0
9.657894736842106 274.0205321229322 5.0 83.17241379310346 207.93103448275866 0.0 0.0 0.0
10.421052631578949 271.5562417605012 5.0 83.17241379310346 207.93103448275866 0.0 0.0 0.0
11.18421052631579 277.59232001241656 5.0 83.17241379310346 207.93103448275866 0.0 0.0 0.0
11.947368421052632 270.5128964455136 5.0 83.17241379310346 207.93103448275866 0.0 0.0 0.0
12.710526315789474 273.27479141208255 5.0 83.17241379310346 207.93103448275866 0.0 0.0 0.0
13.473684210526317 275.62979792830464 5.0 83.17241379310346 207.93103448275866 0.0 0.0 0.0
14.23684210526316 274.74752180249163 5.0 83.17241379310346 207.93103448275866 0.0 0.0 0.0
15.0 278.4306048169661 5.0 83.17241379310346 207.93103448275866 0.0 0.0 0.0
