0.5 278.3186535706169 5.0 84.0 210.0 0.0 0.0 0.0
1.263157894736842 275.7804981189633 5.0 84.0 210.0 0.0 0.0 0.0
2.026315789473684 283.0636668676574 5.0 84.0 210.0 0.0 0.0 0.0
2.7894736842105265 278.3887090313017 5.0 84.0 210.0 0.0 0.0 0.0
3.5526315789473686 278.77330272937365 5.0 84.0 210.0 0.0 0.0 0.0
4.315789473684211 280.12354006104755 5.0 84.0 210.0 0.0 0.0 0.0
5.078947368421053 283.42776766837034 5.0 84.0 210.0 0.0 0.0 0.0
5.842105263157895 280.06011187259895 5.0 84.0 210.0 0.0 0.0 0.0
6.605263157894737 276.4026486215643 5.0 84.0 210.0 0.0 0.0 0.0
7.36842105263158 281.6316310123365 5.0 84.0 210.0 0.0 0.0 0.0
8.131578947368421 278.5450308272148 5.0 84.0 210.0 0.0 0.0 0.0
8.894736842105264 285.6637719145884 5.0 84.0 210.0 0.0 0.0 0.0
9.657894736842106 279.9966408340063 5.0 84.0 210.0 0.0 0.0 0.0
10.421052631578949 273.294893506304 5.0 84.0 210.0 0.0 0.0 0.0
11.18421052631579 281.072094916467 5.0 84.0 210.0 0.0 0.0 0.0
11.947368421052632 285.8337933767807 5.0 84.0 210.0 0.0 0.0 0.0
12.710526315789474 284.7277608656362 5.0 84.0 210.0 0.0 0.0 0.0
13.473684210526317 285.4928628662697 5.0 84.0 210.0 0.0 0.0 0.0
14.23684210526316 276.9407194438556 5.0 84.0 210.0 0.0 0.0 0.0
15.0 282.73645718793034 5.0 84.0 210.0 0.0 0.0 0.0
