0.5 280.33066218990336 5.0 85.24137931034484 213.1034482758621 0.0 0.0 0.0
1.263157894736842 284.05563097193163 5.0 85.24137931034484 213.1034482758621 0.0 0.0 0.0
2.026315789473684 285.05123760292423 5.0 85.24137931034484 213.1034482758621 0.0 0.0 0.0
2.7894736842105265 281.9291116848678 5.0 85.24137931034484 213.1034482758621 0.0 0.0 0.0
3.5526315789473686 284.22291126973164 5.0 85.24137931034484 213.1034482758621 0.0 0.0 0.0
4.315789473684211 279.33808303222975 5.0 85.24137931034484 213.1034482758621 0.0 0.0 0.0
5.078947368421053 288.36764968630786 5.0 85.24137931034484 213.1034482758621 0.0 0.0 0.0
5.842105263157895 282.0930873768915 5.0 85.24137931034484 213.1034482758621 0.0 0.0 0.0
6.605263157894737 290.2321315288183 5.0 85.24137931034484 213.1034482758621 0.0 0.0 0.0
7.36842105263158 284.04050806273045 5.0 85.24137931034484 213.1034482758621 0.0 0.0 0.0
8.131578947368421 287.22209173068035 5.0 85.24137931034484 213.1034482758621 0.0 0.0 0.0
8.894736842105264 283.9780224275093 5.0 85.24137931034484 213.1034482758621 0.0 0.0 0.0
9.657894736842106 284.0456995377012 5.0 85.24137931034484 213.1034482758621 0.0 0.0 0.0
10.421052631578949 282.3858430348168 5.0 85.24137931034484 213.1034482758621 0.0 0.0 0.0
11.18421052631579 284.4953028225816 5.0 85.24137931034484 213.1034482758621 0.0 0.0 0.0
11.947368421052632 285.09192711772494 5.0 85.24137931034484 213.1034482758621 0.0 0.0 0.0
12.710526315789474 281.7851555077373 5.0 85.24137931034484 213.1034482758621 0.0 0.0 0.0
13.473684210526317 283.76279778690315 5.0 85.24137931034484 213.1034482758621 0.0 0.0 0.0
14.23684210526316 282.30763443631145 5.0 85.24137931034484 213.1034482758621 0.0 0.0 0.0
15.0 291.0369232433273 5.0 85.24137931034484 213.1034482758621 0.0 0.0 0.0
