0.5 272.3246061818248 5.0 81.93103448275862 204.82758620689657 0.0 0.0 0.0
1.263157894736842 276.0128617380373 5.0 81.93103448275862 204.82758620689657 0.0 0.0 0.0
2.026315789473684 275.7262813126193 5.0 81.93103448275862 204.82758620689657 0.0 0.0 0.0
2.7894736842105265 270.1577187380097 5.0 81.93103448275862 204.82758620689657 0.0 0.0 0.0
3.5526315789473686 270.53686891713636 5.0 81.93103448275862 204.82758620689657 0.0 0.0 0.0
4.315789473684211 273.4295547343023 5.0 81.93103448275862 204.82758620689657 0.0 0.0 0.0
5.078947368421053 278.28184539987063 5.0 81.93103448275862 204.82758620689657 0.0 0.0 0.0
5.842105263157895 267.3567527824551 5.0 81.93103448275862 204.82758620689657 0.0 0.0 0.0
6.605263157894737 273.93844709457363 5.0 81.93103448275862 204.82758620689657 0.0 0.0 0.0
7.36842105263158 268.9753182811427 5.0 81.93103448275862 204.82758620689657 0.0 0.0 0.0
8.131578947368421 271.20045529528545 5.0 81.93103448275862 204.82758620689657 0.0 0.0 0.0
8.894736842105264 272.01016302166937 5.0 81.93103448275862 204.82758620689657 0.0 0.0 0.0
9.657894736842106 271.8419232455514 5.0 81.93103448275862 204.82758620689657 0.0 0.0 0.0
10.421052631578949 271.50206045688446 5.0 81.93103448275862 204.82758620689657 0.0 0.0 0.0
11.18421052631579 273.1250694569912 5.0 81.93103448275862 204.82758620689657 0.0 0.0 0.0
11.947368421052632 271.4976815759704 5.0 81.93103448275862 204.82758620689657 0.0 0.0 0.0
12.710526315789474 268.71607612129964 5.0 81.93103448275862 204.82758620689657 0.0 0.0 0.0
13.473684210526317 275.4430571134304 5.0 81.93103448275862 204.82758620689657 0.0 0.0 0.0
14.23684210526316 275.3620647773087 5.0 81.93103448275862 204.82758620689657 0.0 0.0 0.0
15.0 275.6329712059301 5.0 81.93103448275862 204.82758620689657 0.0 0.0 0.0
