0.5 279.53743023087986 5.0 83.58620689655173 208.96551724137933 0.0 0.0 0.0
1.263157894736842 281.3020858929788 5.0 83.58620689655173 208.96551724137933 0.0 0.0 0.0
2.026315789473684 280.8778408533105 5.0 83.58620689655173 208.96551724137933 0.0 0.0 0.0
2.7894736842105265 282.0431280232566 5.0 83.58620689655173 208.96551724137933 0.0 0.0 0.0
3.5526315789473686 278.61493445514526 5.0 83.58620689655173 208.96551724137933 0.0 0.0 0.0
4.315789473684211 279.5310903576225 5.0 83.58620689655173 208.96551724137933 0.0 0.0 0.0
5.078947368421053 280.15523076093 5.0 83.58620689655173 208.96551724137933 0.0 0.0 0.0
5.842105263157895 279.0456597473455 5.0 83.58620689655173 208.96551724137933 0.0 0.0 0.0
6.605263157894737 277.4291067254212 5.0 83.58620689655173 208.96551724137933 0.0 0.0 0.0
7.36842105263158 277.62336205215314 5.0 83.58620689655173 208.96551724137933 0.0 0.0 0.0
8.131578947368421 276.1680144601825 5.0 83.58620689655173 208.96551724137933 0.0 0.0 0.0
8.894736842105264 279.88554014490194 5.0 83.58620689655173 208.96551724137933 0.0 0.0 0.0
9.657894736842106 278.33864413291695 5.0 83.58620689655173 208.96551724137933 0.0 0.0 0.0
10.421052631578949 276.63116840326217 5.0 83.58620689655173 208.96551724137933 0.0 0.0 0.0
11.18421052631579 276.63395519719865 5.0 83.58620689655173 208.96551724137933 0.0 0.0 0.0
11.947368421052632 274.98949347182406 5.0 83.58620689655173 208.96551724137933 0.0 0.0 0.0
12.710526315789474 281.55721367888407 5.0 83.58620689655173 208.96551724137933 0.0 0.0 0.0
13.473684210526317 278.8565426637678 5.0 83.58620689655173 208.96551724137933 0.0 0.0 0.0
14.23684210526316 276.03228959645264 5.0 83.58620689655173 208.96551724137933 0.0 0.0 0.0
15.0 281.0463329039785 5.0 83.58620689655173 208.96551724137933 0.0 0.0 0.0
