0.5 287.6866015699639 5.0 84.82758620689656 212.0689655172414 0.0 0.0 0.0
1.263157894736842 286.5541005261202 5.0 84.82758620689656 212.0689655172414 0.0 0.0 0.0
2.026315789473684 282.8319668554145 5.0 84.82758620689656 212.0689655172414 0.0 0.0 0.0
2.7894736842105265 281.8784114164633 5.0 84.82758620689656 212.0689655172414 0.0 0.0 0.0
3.5526315789473686 282.3623170512158 5.0 84.82758620689656 212.0689655172414 0.0 0.0 0.0
4.315789473684211 283.44010908481755 5.0 84.82758620689656 212.0689655172414 0.0 0.0 0.0
5.078947368421053 287.558762533614 5.0 84.82758620689656 212.0689655172414 0.0 0.0 0.0
5.842105263157895 284.0260229623669 5.0 84.82758620689656 212.0689655172414 0.0 0.0 0.0
6.605263157894737 284.9367077887726 5.0 84.82758620689656 212.0689655172414 0.0 0.0 0.0
7.36842105263158 286.2664310168657 5.0 84.82758620689656 212.0689655172414 0.0 0.0 0.0
8.131578947368421 279.24959268658193 5.0 84.82758620689656 212.0689655172414 0.0 0.0 0.0
8.894736842105264 285.0232063670773 5.0 84.82758620689656 212.0689655172414 0.0 0.0 0.0
9.657894736842106 281.87491442567034 5.0 84.82758620689656 212.0689655172414 0.0 0.0 0.0
10.421052631578949 275.2103351023369 5.0 84.82758620689656 212.0689655172414 0.0 0.0 0.0
11.18421052631579 276.37411206369774 5.0 84.82758620689656 212.0689655172414 0.0 0.0 0.0
11.947368421052632 279.7042678550991 5.0 84.82758620689656 212.0689655172414 0.0 0.0 0.0
12.710526315789474 284.3522903754329 5.0 84.82758620689656 212.0689655172414 0.0 0.0 0.0
13.473684210526317 283.1000193856761 5.0 84.82758620689656 212.0689655172414 0.0 0.0 0.0
14.23684210526316 283.31172081118217 5.0 84.82758620689656 212.0689655172414 0.0 0.0 0.0
15.0 288.6114511377153 5.0 84.82758620689656 212.0689655172414 0.0 0.0 0.0
