0.5 279.21332672561743 5.0 84.41379310344827 211.03448275862067 0.0 0.0 0.0
1.263157894736842 282.05217854307836 5.0 84.41379310344827 211.03448275862067 0.0 0.0 0.0
2.026315789473684 277.56045305860835 5.0 84.41379310344827 211.03448275862067 0.0 0.0 0.0
2.7894736842105265 279.44594305017944 5.0 84.41379310344827 211.03448275862067 0.0 0.0 0.0
3.5526315789473686 279.3505702527367 5.0 84.41379310344827 211.03448275862067 0.0 0.0 0.0
4.315789473684211 284.0749761852554 5.0 84.41379310344827 211.03448275862067 0.0 0.0 0.0
5.078947368421053 283.78146770983653 5.0 84.41379310344827 211.03448275862067 0.0 0.0 0.0
5.842105263157895 282.20976953282 5.0 84.41379310344827 211.03448275862067 0.0 0.0 0.0
6.605263157894737 277.3280460906614 5.0 84.41379310344827 211.03448275862067 0.0 0.0 0.0
7.36842105263158 280.4443920429784 5.0 84.41379310344827 211.03448275862067 0.0 0.0 0.0
8.131578947368421 279.1409608959994 5.0 84.41379310344827 211.03448275862067 0.0 0.0 0.0
8.894736842105264 283.988337614911 5.0 84.41379310344827 211.03448275862067 0.0 0.0 0.0
9.657894736842106 284.9138649032791 5.0 84.41379310344827 211.03448275862067 0.0 0.0 0.0
10.421052631578949 284.5484671029202 5.0 84.41379310344827 211.03448275862067 0.0 0.0 0.0
11.18421052631579 279.1136520865765 5.0 84.41379310344827 211.03448275862067 0.0 0.0 0.0
11.947368421052632 273.1607109779591 5.0 84.41379310344827 211.03448275862067 0.0 0.0 0.0
12.710526315789474 276.0784246504374 5.0 84.41379310344827 211.03448275862067 0.0 0.0 0.0
13.473684210526317 285.64419127907416 5.0 84.41379310344827 211.03448275862067 0.0 0.0 0.0
14.23684210526316 280.17554552686806 5.0 84.41379310344827 211.03448275862067 0.0 0.0 0.0
15.0 279.1271364900322 5.0 84.41379310344827 211.03448275862067 0.0 0.0 0.0
