0.5 275.3584467572383 5.0 82.75862068965517 206.89655172413796 0.0 0.0 0.0
1.263157894736842 279.1502616646888 5.0 82.75862068965517 206.89655172413796 0.0 0.0 0.0
2.026315789473684 277.6032568600931 5.0 82.75862068965517 206.89655172413796 0.0 0.0 0.0
2.7894736842105265 278.05750914847994 5.0 82.75862068965517 206.89655172413796 0.0 0.0 0.0
3.5526315789473686 273.86830894874146 5.0 82.75862068965517 206.89655172413796 0.0 0.0 0.0
4.315789473684211 272.72628062132185 5.0 82.75862068965517 206.89655172413796 0.0 0.0 0.0
5.078947368421053 274.1589025357592 5.0 82.75862068965517 206.89655172413796 0.0 0.0 0.0
5.842105263157895 273.9996048084755 5.0 82.75862068965517 206.89655172413796 0.0 0.0 0.0
6.605263157894737 278.22066677147603 5.0 82.75862068965517 206.89655172413796 0.0 0.0 0.0
7.36842105263158 278.79002111639943 5.0 82.75862068965517 206.89655172413796 0.0 0.0 0.0
8.131578947368421 275.3966780969201 5.0 82.75862068965517 206.89655172413796 0.0 0.0 0.0
8.894736842105264 280.15482602199035 5.0 82.75862068965517 206.89655172413796 0.0 0.0 0.0
9.657894736842106 279.96747714681266 5.0 82.75862068965517 206.89655172413796 0.0 0.0 0.0
10.421052631578949 276.5922657147189 5.0 82.75862068965517 206.89655172413796 0.0 0.0 0.0
11.18421052631579 273.39639365088817 5.0 82.75862068965517 206.89655172413796 0.0 0.0 0.0
11.947368421052632 280.5881989138239 5.0 82.75862068965517 206.89655172413796 0.0 0.0 0.0
12.710526315789474 275.679016912432 5.0 82.75862068965517 206.89655172413796 0.0 0.0 0.0
13.473684210526317 276.2405645548102 5.0 82.75862068965517 206.89655172413796 0.0 0.0 0.0
14.23684210526316 274.8432538886976 5.0 82.75862068965517 206.89655172413796 0.0 0.0 0.0
15.0 273.19269798662566 5.0 82.75862068965517 206.89655172413796 0.0 0.0 0.0
