0.5 269.8605551318974 5.0 82.34482758620689 205.86206896551724 0.0 0.0 0.0
1.263157894736842 275.37951307844213 5.0 82.34482758620689 205.86206896551724 0.0 0.0 0.0
2.026315789473684 276.51069518811045 5.0 82.34482758620689 205.86206896551724 0.0 0.0 0.0
2.7894736842105265 271.3891524153709 5.0 82.34482758620689 205.86206896551724 0.0 0.0 0.0
3.5526315789473686 274.51027836523605 5.0 82.34482758620689 205.86206896551724 0.0 0.0 0.0
4.315789473684211 274.13395868475857 5.0 82.34482758620689 205.86206896551724 0.0 0.0 0.0
5.078947368421053 280.00921059639444 5.0 82.34482758620689 205.86206896551724 0.0 0.0 0.0
5.842105263157895 280.25624673172734 5.0 82.34482758620689 205.86206896551724 0.0 0.0 0.0
6.605263157894737 269.48968944069907 5.0 82.34482758620689 205.86206896551724 0.0 0.0 0.0
7.36842105263158 281.9645396378736 5.0 82.34482758620689 205.86206896551724 0.0 0.0 0.0
8.131578947368421 271.7370814572297 5.0 82.34482758620689 205.86206896551724 0.0 0.0 0.0
8.894736842105264 277.4247785036719 5.0 82.34482758620689 205.86206896551724 0.0 0.0 0.0
9.657894736842106 277.3942525632808 5.0 82.34482758620689 205.86206896551724 0.0 0.0 0.0
10.421052631578949 271.4956879401642 5.0 82.34482758620689 205.86206896551724 0.0 0.0 0.0
11.18421052631579 275.96256200220694 5.0 82.34482758620689 205.86206896551724 0.0 0.0 0.0
11.947368421052632 274.16015738789145 5.0 82.34482758620689 205.86206896551724 0.0 0.0 0.0
12.710526315789474 276.1457486345868 5.0 82.34482758620689 205.86206896551724 0.0 0.0 0.0
13.473684210526317 275.1747755278315 5.0 82.34482758620689 205.86206896551724 0.0 0.0 0.0
14.23684210526316 278.0717770768004 5.0 82.34482758620689 205.86206896551724 0.0 0.0 0.0
15.0 274.7089572501278 5.0 82.34482758620689 205.86206896551724 0.0 0.0 0.0
