0.5 284.5996866705582 5.0 86.48275862068965 216.20689655172413 0.0 0.0 0.0
1.263157894736842 292.7795696604472 5.0 86.48275862068965 216.20689655172413 0.0 0.0 0.0
2.026315789473684 289.481646918202 5.0 86.48275862068965 216.20689655172413 0.0 0.0 0.0
2.7894736842105265 285.9892742758538 5.0 86.48275862068965 216.20689655172413 0.0 0.0 0.0
3.5526315789473686 287.76463309726057 5.0 86.48275862068965 216.20689655172413 0.0 0.0 0.0
4.315789473684211 288.3155720873705 5.0 86.48275862068965 216.20689655172413 0.0 0.0 0.0
5.078947368421053 290.483062149806 5.0 86.48275862068965 216.20689655172413 0.0 0.0 0.0
5.842105263157895 284.20107188438914 5.0 86.48275862068965 216.20689655172413 0.0 0.0 0.0
6.605263157894737 285.75301465295416 5.0 86.48275862068965 216.20689655172413 0.0 0.0 0.0
7.36842105263158 289.0947293335557 5.0 86.48275862068965 216.20689655172413 0.0 0.0 0.0
8.131578947368421 287.97635832747915 5.0 86.48275862068965 216.20689655172413 0.0 0.0 0.0
8.894736842105264 289.99143961687565 5.0 86.48275862068965 216.20689655172413 0.0 0.0 0.0
9.657894736842106 284.58733987688674 5.0 86.48275862068965 216.20689655172413 0.0 0.0 0.0
10.421052631578949 289.34724809777947 5.0 86.48275862068965 216.20689655172413 0.0 0.0 0.0
11.18421052631579 291.5506129270979 5.0 86.48275862068965 216.20689655172413 0.0 0.0 0.0
11.947368421052632 289.73631771041335 5.0 86.48275862068965 216.20689655172413 0.0 0.0 0.0
12.710526315789474 288.6931972882503 5.0 86.48275862068965 216.20689655172413 0.0 0.0 0.0
13.473684210526317 287.9882112612676 5.0 86.48275862068965 216.20689655172413 0.0 0.0 0.0
14.23684210526316 285.77130861065103 5.0 86.48275862068965 216.20689655172413 0.0 0.0 0.0
15.0 288.05986629164613 5.0 86.48275862068965 216.20689655172413 0.0 0.0 0.0
