0.5 290.6436198147584 5.0 86.06896551724137 215.17241379310343 0.0 0.0 0.0
1.263157894736842 288.95962827949126 5.0 86.06896551724137 215.17241379310343 0.0 0.0 0.0
2.026315789473684 292.7949341382647 5.0 86.06896551724137 215.17241379310343 0.0 0.0 0.0
2.7894736842105265 282.25305322591817 5.0 86.06896551724137 215.17241379310343 0.0 0.0 0.0
3.5526315789473686 286.10047139919516 5.0 86.06896551724137 215.17241379310343 0.0 0.0 0.0
4.315789473684211 285.5089875723094 5.0 86.06896551724137 215.17241379310343 0.0 0.0 0.0
5.078947368421053 280.9755036949121 5.0 86.06896551724137 215.17241379310343 0.0 0.0 0.0
5.842105263157895 290.077533338477 5.0 86.06896551724137 215.17241379310343 0.0 0.0 0.0
6.605263157894737 286.08536205672783 5.0 86.06896551724137 215.17241379310343 0.0 0.0 0.0
7.36842105263158 289.1154453390976 5.0 86.06896551724137 215.17241379310343 0.0 0.0 0.0
8.131578947368421 293.97586752712675 5.0 86.06896551724137 215.17241379310343 0.0 0.0 0.0
8.894736842105264 285.8368206486551 5.0 86.06896551724137 215.17241379310343 0.0 0.0 0.0
9.657894736842106 285.63309277616645 5.0 86.06896551724137 215.17241379310343 0.0 0.0 0.0
10.421052631578949 287.2525442333099 5.0 86.06896551724137 215.17241379310343 0.0 0.0 0.0
11.18421052631579 289.85829378308813 5.0 86.06896551724137 215.17241379310343 0.0 0.0 0.0
11.947368421052632 285.19641264820746 5.0 86.06896551724137 215.17241379310343 0.0 0.0 0.0
12.710526315789474 285.0036669327415 5.0 86.06896551724137 215.17241379310343 0.0 0.0 0.0
13.473684210526317 290.068119534862 5.0 86.06896551724137 215.17241379310343 0.0 0.0 0.0
14.23684210526316 288.032469695652 5.0 86.06896551724137 215.17241379310343 0.0 0.0 0.0
15.0 280.76236693512345 5.0 86.06896551724137 215.17241379310343 0.0 0.0 0.0
