0.5 296.34917936397557 5.0 89.79310344827586 224.48275862068965 0.0 0.0 0.0
1.263157894736842 294.8162255014131 5.0 89.79310344827586 224.48275862068965 0.0 0.0 0.0
2.026315789473684 297.1741823290373 5.0 89.79310344827586 224.48275862068965 0.0 0.0 0.0
2.7894736842105265 301.00509667140494 5.0 89.79310344827586 224.48275862068965 0.0 0.0 0.0
3.5526315789473686 301.3806190731124 5.0 89.79310344827586 224.48275862068965 0.0 0.0 0.0
4.315789473684211 295.2065179954406 5.0 89.79310344827586 224.48275862068965 0.0 0.0 0.0
5.078947368421053 296.3670467251816 5.0 89.79310344827586 224.48275862068965 0.0 0.0 0.0
5.842105263157895 297.1406377697637 5.0 89.79310344827586 224.48275862068965 0.0 0.0 0.0
6.605263157894737 298.2384296467858 5.0 89.79310344827586 224.48275862068965 0.0 0.0 0.0
7.36842105263158 295.22419233502825 5.0 89.79310344827586 224.48275862068965 0.0 0.0 0.0
8.131578947368421 295.0441895291658 5.0 89.79310344827586 224.48275862068965 0.0 0.0 0.0
8.894736842105264 296.8448389383636 5.0 89.79310344827586 224.48275862068965 0.0 0.0 0.0
9.657894736842106 299.56910633626126 5.0 89.79310344827586 224.48275862068965 0.0 0.0 0.0
10.421052631578949 295.7685618083257 5.0 89.79310344827586 224.48275862068965 0.0 0.0 0.0
11.18421052631579 298.9629342976709 5.0 89.79310344827586 224.48275862068965 0.0 0.0 0.0
11.947368421052632 302.4860032760117 5.0 89.79310344827586 224.48275862068965 0.0 0.0 0.0
12.710526315789474 295.4050056153457 5.0 89.79310344827586 224.48275862068965 0.0 0.0 0.0
13.473684210526317 298.6910075523546 5.0 89.79310344827586 224.48275862068965 0.0 0.0 0.0
14.23684210526316 302.38461502883854 5.0 89.79310344827586 224.48275862068965 0.0 0.0 0.0
15.0 298.0555396564948 5.0 89.79310344827586 224.48275862068965 0.0 0.0 0.0
