0.5 295.98398704822586 5.0 88.96551724137932 222.41379310344828 0.0 0.0 0.0
1.263157894736842 305.64701138326296 5.0 88.96551724137932 222.41379310344828 0.0 0.0 0.0
2.026315789473684 295.8691358918414 5.0 88.96551724137932 222.41379310344828 0.0 0.0 0.0
2.7894736842105265 297.3173041931991 5.0 88.96551724137932 222.41379310344828 0.0 0.0 0.0
3.5526315789473686 295.3583903961104 5.0 88.96551724137932 222.41379310344828 0.0 0.0 0.0
4.315789473684211 297.668700818112 5.0 88.96551724137932 222.41379310344828 0.0 0.0 0.0
5.078947368421053 299.05856892158977 5.0 88.96551724137932 222.41379310344828 0.0 0.0 0.0
5.842105263157895 296.2099749587718 5.0 88.96551724137932 222.41379310344828 0.0 0.0 0.0
6.605263157894737 301.88188367928393 5.0 88.96551724137932 222.41379310344828 0.0 0.0 0.0
7.36842105263158 297.26917199183146 5.0 88.96551724137932 222.41379310344828 0.0 0.0 0.0
8.131578947368421 297.36318029626165 5.0 88.96551724137932 222.41379310344828 0.0 0.0 0.0
8.894736842105264 293.8247310543899 5.0 88.96551724137932 222.41379310344828 0.0 0.0 0.0
9.657894736842106 297.8072213615822 5.0 88.96551724137932 222.41379310344828 0.0 0.0 0.0
10.421052631578949 296.14964247550296 5.0 88.96551724137932 222.41379310344828 0.0 0.0 0.0
11.18421052631579 294.7270049499192 5.0 88.96551724137932 222.41379310344828 0.0 0.0 0.0
11.947368421052632 294.222300913486 5.0 88.96551724137932 222.41379310344828 0.0 0.0 0.0
12.710526315789474 304.5670142772011 5.0 88.96551724137932 222.41379310344828 0.0 0.0 0.0
13.473684210526317 295.76129238739395 5.0 88.96551724137932 222.41379310344828 0.0 0.0 0.0
14.23684210526316 292.18076787558726 5.0 88.96551724137932 222.41379310344828 0.0 0.0 0.0
15.0 294.45705975873335 5.0 88.96551724137932 222.41379310344828 0.0 0.0 0.0
