0.5 291.01454358542594 5.0 87.72413793103448 219.3103448275862 0.0 0.0 0.0
1.263157894736842 289.0873841786341 5.0 87.72413793103448 219.3103448275862 0.0 0.0 0.0
2.026315789473684 293.10217419682357 5.0 87.72413793103448 219.3103448275862 0.0 0.0 0.0
2.7894736842105265 290.8465558091552 5.0 87.72413793103448 219.3103448275862 0.0 0.0 0.0
3.5526315789473686 291.00132813012164 5.0 87.72413793103448 219.3103448275862 0.0 0.0 0.0
4.315789473684211 294.631771180473 5.0 87.72413793103448 219.3103448275862 0.0 0.0 0.0
5.078947368421053 288.9285930266452 5.0 87.72413793103448 219.3103448275862 0.0 0.0 0.0
5.842105263157895 289.69769746540277 5.0 87.72413793103448 219.3103448275862 0.0 0.0 0.0
6.605263157894737 292.87603307989485 5.0 87.72413793103448 219.3103448275862 0.0 0.0 0.0
7.36842105263158 295.32202247569285 5.0 87.72413793103448 219.3103448275862 0.0 0.0 0.0
8.131578947368421 296.1282740079178 5.0 87.72413793103448 219.3103448275862 0.0 0.0 0.0
8.894736842105264 290.4186079423634 5.0 87.72413793103448 219.3103448275862 0.0 0.0 0.0
9.657894736842106 295.2259240042072 5.0 87.72413793103448 219.3103448275862 0.0 0.0 0.0
10.421052631578949 290.06136622303706 5.0 87.72413793103448 219.3103448275862 0.0 0.0 0.0
11.18421052631579 297.8924211441687 5.0 87.72413793103448 219.3103448275862 0.0 0.0 0.0
11.947368421052632 289.0124800271891 5.0 87.72413793103448 219.3103448275862 0.0 0.0 0.0
12.710526315789474 296.39922953582345 5.0 87.72413793103448 219.3103448275862 0.0 0.0 0.0
13.473684210526317 290.4443347829921 5.0 87.72413793103448 219.3103448275862 0.0 0.0 0.0
14.23684210526316 298.4535324678321 5.0 87.72413793103448 219.3103448275862 0.0 0.0 0.0
15.0 294.1877552900057 5.0 87.72413793103448 219.3103448275862 0.0 0.0 0.0
