0.5 296.1730608280121 5.0 88.55172413793105 221.37931034482762 0.0 0.0 0.0
1.263157894736842 295.72895371285773 5.0 88.55172413793105 221.37931034482762 0.0 0.0 0.0
2.026315789473684 297.2353712466305 5.0 88.55172413793105 221.37931034482762 0.0 0.0 0.0
2.7894736842105265 296.81074928578084 5.0 88.55172413793105 221.37931034482762 0.0 0.0 0.0
3.5526315789473686 295.90034660707505 5.0 88.55172413793105 221.37931034482762 0.0 0.0 0.0
4.315789473684211 296.84226379013614 5.0 88.55172413793105 221.37931034482762 0.0 0.0 0.0
5.078947368421053 295.0443645044211 5.0 88.55172413793105 221.37931034482762 0.0 0.0 0.0
5.842105263157895 296.4110879787707 5.0 88.55172413793105 221.37931034482762 0.0 0.0 0.0
6.605263157894737 292.9939805850444 5.0 88.55172413793105 221.37931034482762 0.0 0.0 0.0
7.36842105263158 296.2815315700209 5.0 88.55172413793105 221.37931034482762 0.0 0.0 0.0
8.131578947368421 297.1776668489615 5.0 88.55172413793105 221.37931034482762 0.0 0.0 0.0
8.894736842105264 293.1633695088869 5.0 88.55172413793105 221.37931034482762 0.0 0.0 0.0
9.657894736842106 295.327910090082 5.0 88.55172413793105 221.37931034482762 0.0 0.0 0.0
10.421052631578949 293.3016062642154 5.0 88.55172413793105 221.37931034482762 0.0 0.0 0.0
11.18421052631579 293.59289370355515 5.0 88.55172413793105 221.37931034482762 0.0 0.0 0.0
11.947368421052632 291.797625727797 5.0 88.55172413793105 221.37931034482762 0.0 0.0 0.0
12.710526315789474 298.96973856860313 5.0 88.55172413793105 221.37931034482762 0.0 0.0 0.0
13.473684210526317 298.3694693172636 5.0 88.55172413793105 221.37931034482762 0.0 0.0 0.0
14.23684210526316 296.7847153557855 5.0 88.55172413793105 221.37931034482762 0.0 0.0 0.0
15.0 301.0890016489349 5.0 88.55172413793105 221.37931034482762 0.0 0.0 0.0
