0.5 293.4342899724344 5.0 86.89655172413794 217.24137931034485 0.0 0.0 0.0
1.263157894736842 289.2980868939928 5.0 86.89655172413794 217.24137931034485 0.0 0.0 0.0
2.026315789473684 286.9857604457479 5.0 86.89655172413794 217.24137931034485 0.0 0.0 0.0
2.7894736842105265 288.178431147497 5.0 86.89655172413794 217.24137931034485 0.0 0.0 0.0
3.5526315789473686 290.2577233056209 5.0 86.89655172413794 217.24137931034485 0.0 0.0 0.0
4.315789473684211 288.5346304222506 5.0 86.89655172413794 217.24137931034485 0.0 0.0 0.0
5.078947368421053 291.11108226298256 5.0 86.89655172413794 217.24137931034485 0.0 0.0 0.0
5.842105263157895 291.2237036960402 5.0 86.89655172413794 217.24137931034485 0.0 0.0 0.0
6.605263157894737 292.3221219550071 5.0 86.89655172413794 217.24137931034485 0.0 0.0 0.0
7.36842105263158 293.9258508305882 5.0 86.89655172413794 217.24137931034485 0.0 0.0 0.0
8.131578947368421 292.6427485869102 5.0 86.89655172413794 217.24137931034485 0.0 0.0 0.0
8.894736842105264 286.85245522134926 5.0 86.89655172413794 217.24137931034485 0.0 0.0 0.0
9.657894736842106 286.9445690740643 5.0 86.89655172413794 217.24137931034485 0.0 0.0 0.0
10.421052631578949 289.42785798441366 5.0 86.89655172413794 217.24137931034485 0.0 0.0 0.0
11.18421052631579 288.3016463420749 5.0 86.89655172413794 217.24137931034485 0.0 0.0 0.0
11.947368421052632 286.2401922329103 5.0 86.89655172413794 217.24137931034485 0.0 0.0 0.0
12.710526315789474 288.33009703127414 5.0 86.89655172413794 217.24137931034485 0.0 0.0 0.0
13.473684210526317 288.23163361293604 5.0 86.89655172413794 217.24137931034485 0.0 0.0 0.0
14.23684210526316 287.6396291945095 5.0 86.89655172413794 217.24137931034485 0.0 0.0 0.0
15.0 288.70780395532813 5.0 86.89655172413794 217.24137931034485 0.0 0.0 0.0
