0.5 294.5698353095757 5.0 87.3103448275862 218.27586206896552 0.0 0.0 0.0
1.263157894736842 291.6321968823684 5.0 87.3103448275862 218.27586206896552 0.0 0.0 0.0
2.026315789473684 298.44990998678713 5.0 87.3103448275862 218.27586206896552 0.0 0.0 0.0
2.7894736842105265 291.54600731667966 5.0 87.3103448275862 218.27586206896552 0.0 0.0 0.0
3.5526315789473686 290.16428543680894 5.0 87.3103448275862 218.27586206896552 0.0 0.0 0.0
4.315789473684211 291.04688140658527 5.0 87.3103448275862 218.27586206896552 0.0 0.0 0.0
5.078947368421053 291.8039586939513 5.0 87.3103448275862 218.27586206896552 0.0 0.0 0.0
5.842105263157895 292.3402446301339 5.0 87.3103448275862 218.27586206896552 0.0 0.0 0.0
6.605263157894737 297.26461673619775 5.0 87.3103448275862 218.27586206896552 0.0 0.0 0.0
7.36842105263158 288.498521363688 5.0 87.3103448275862 218.27586206896552 0.0 0.0 0.0
8.131578947368421 293.6116209331539 5.0 87.3103448275862 218.27586206896552 0.0 0.0 0.0
8.894736842105264 291.6577345514631 5.0 87.3103448275862 218.27586206896552 0.0 0.0 0.0
9.657894736842106 286.32118953090884 5.0 87.3103448275862 218.27586206896552 0.0 0.0 0.0
10.421052631578949 293.346579104905 5.0 87.3103448275862 218.27586206896552 0.0 0.0 0.0
11.18421052631579 294.8373534410324 5.0 87.3103448275862 218.27586206896552 0.0 0.0 0.0
11.947368421052632 288.4629535472884 5.0 87.3103448275862 218.27586206896552 0.0 0.0 0.0
12.710526315789474 291.0076811549448 5.0 87.3103448275862 218.27586206896552 0.0 0.0 0.0
13.473684210526317 285.8584199725976 5.0 87.3103448275862 218.27586206896552 0.0 0.0 0.0
14.23684210526316 287.2580633795677 5.0 87.3103448275862 218.27586206896552 0.0 0.0 0.0
15.0 294.17857149147244 5.0 87.3103448275862 218.27586206896552 0.0 0.0 0.0
