0.5 297.77633096433 5.0 89.37931034482757 223.44827586206895 0.0 0.0 0.0
1.263157894736842 299.57103558060805 5.0 89.37931034482757 223.44827586206895 0.0 0.0 0.0
2.026315789473684 299.59542404793456 5.0 89.37931034482757 223.44827586206895 0.0 0.0 0.0
2.7894736842105265 299.96087813808816 5.0 89.37931034482757 223.44827586206895 0.0 0.0 0.0
3.5526315789473686 295.9964535628466 5.0 89.37931034482757 223.44827586206895 0.0 0.0 0.0
4.315789473684211 298.95235581326324 5.0 89.37931034482757 223.44827586206895 0.0 0.0 0.0
5.078947368421053 295.30285609042687 5.0 89.37931034482757 223.44827586206895 0.0 0.0 0.0
5.842105263157895 296.0721055337166 5.0 89.37931034482757 223.44827586206895 0.0 0.0 0.0
6.605263157894737 295.17790755925785 5.0 89.37931034482757 223.44827586206895 0.0 0.0 0.0
7.36842105263158 294.3658679189638 5.0 89.37931034482757 223.44827586206895 0.0 0.0 0.0
8.131578947368421 301.12366294933264 5.0 89.37931034482757 223.44827586206895 0.0 0.0 0.0
8.894736842105264 299.99686958569526 5.0 89.37931034482757 223.44827586206895 0.0 0.0 0.0
9.657894736842106 300.861030592693 5.0 89.37931034482757 223.44827586206895 0.0 0.0 0.0
10.421052631578949 298.04897368083147 5.0 89.37931034482757 223.44827586206895 0.0 0.0 0.0
11.18421052631579 300.26145757935404 5.0 89.37931034482757 223.44827586206895 0.0 0.0 0.0
11.947368421052632 292.647166268831 5.0 89.37931034482757 223.44827586206895 0.0 0.0 0.0
12.710526315789474 300.52029703689465 5.0 89.37931034482757 223.44827586206895 0.0 0.0 0.0
13.473684210526317 298.46239397277367 5.0 89.37931034482757 223.44827586206895 0.0 0.0 0.0
14.23684210526316 299.8123632832061 5.0 89.37931034482757 223.44827586206895 0.0 0.0 0.0
15.0 299.07110437990445 5.0 89.37931034482757 223.44827586206895 0.0 0.0 0.0
