0.5 305.1499323149885 5.0 91.44827586206897 228.62068965517244 0.0 0.0 0.0
1.263157894736842 301.5510392256357 5.0 91.44827586206897 228.62068965517244 0.0 0.0 0.0
2.026315789473684 305.81914479265936 5.0 91.44827586206897 228.62068965517244 0.0 0.0 0.0
2.7894736842105265 309.66331763929907 5.0 91.44827586206897 228.62068965517244 0.0 0.0 0.0
3.5526315789473686 303.35619972481544 5.0 91.44827586206897 228.62068965517244 0.0 0.0 0.0
4.315789473684211 306.0130146639917 5.0 91.44827586206897 228.62068965517244 0.0 0.0 0.0
5.078947368421053 296.5792800487809 5.0 91.44827586206897 228.62068965517244 0.0 0.0 0.0
5.842105263157895 304.71079860544205 5.0 91.44827586206897 228.62068965517244 0.0 0.0 0.0
6.605263157894737 303.88845934911797 5.0 91.44827586206897 228.62068965517244 0.0 0.0 0.0
7.36842105263158 302.3720933996654 5.0 91.44827586206897 228.62068965517244 0.0 0.0 0.0
8.131578947368421 308.0719376157822 5.0 91.44827586206897 228.62068965517244 0.0 0.0 0.0
8.894736842105264 303.8488551620251 5.0 91.44827586206897 228.62068965517244 0.0 0.0 0.0
9.657894736842106 304.29515374561583 5.0 91.44827586206897 228.62068965517244 0.0 0.0 0.0
10.421052631578949 303.6960075825294 5.0 91.44827586206897 228.62068965517244 0.0 0.0 0.0
11.18421052631579 299.07713859160134 5.0 91.44827586206897 228.62068965517244 0.0 0.0 0.0
11.947368421052632 301.4316268866657 5.0 91.44827586206897 228.62068965517244 0.0 0.0 0.0
12.710526315789474 307.71086666525724 5.0 91.44827586206897 228.62068965517244 0.0 0.0 0.0
13.473684210526317 298.49773426625666 5.0 91.44827586206897 228.62068965517244 0.0 0.0 0.0
14.23684210526316 302.5286401580494 5.0 91.44827586206897 228.62068965517244 0.0 0.0 0.0
15.0 303.62842603802727 5.0 91.44827586206897 228.62068965517244 0.0 0.0 0.0
