0.5 306.78925498229285 5.0 91.03448275862068 227.58620689655172 0.0 0.0 0.0
1.263157894736842 300.8901965181645 5.0 91.03448275862068 227.58620689655172 0.0 0.0 0.0
2.026315789473684 304.22690115878356 5.0 91.03448275862068 227.58620689655172 0.0 0.0 0.0
2.7894736842105265 304.22301442306065 5.0 91.03448275862068 227.58620689655172 0.0 0.0 0.0
3.5526315789473686 304.90364353867767 5.0 91.03448275862068 227.58620689655172 0.0 0.0 0.0
4.315789473684211 304.45914589024954 5.0 91.03448275862068 227.58620689655172 0.0 0.0 0.0
5.078947368421053 300.9168459264948 5.0 91.03448275862068 227.58620689655172 0.0 0.0 0.0
5.842105263157895 299.3986736251818 5.0 91.03448275862068 227.58620689655172 0.0 0.0 0.0
6.605263157894737 306.06532190195423 5.0 91.03448275862068 227.58620689655172 0.0 0.0 0.0
7.36842105263158 304.0057795946257 5.0 91.03448275862068 227.58620689655172 0.0 0.0 0.0
8.131578947368421 306.8964063849424 5.0 91.03448275862068 227.58620689655172 0.0 0.0 0.0
8.894736842105264 303.31407705950534 5.0 91.03448275862068 227.58620689655172 0.0 0.0 0.0
9.657894736842106 299.23278278003806 5.0 91.03448275862068 227.58620689655172 0.0 0.0 0.0
10.421052631578949 306.3466649050813 5.0 91.03448275862068 227.58620689655172 0.0 0.0 0.0
11.18421052631579 302.3371640330856 5.0 91.03448275862068 227.58620689655172 0.0 0.0 0.0
11.947368421052632 304.474286234332 5.0 91.03448275862068 227.58620689655172 0.0 0.0 0.0
12.710526315789474 301.5058975766304 5.0 91.03448275862068 227.58620689655172 0.0 0.0 0.0
13.473684210526317 308.38118099277 5.0 91.03448275862068 227.58620689655172 0.0 0.0 0.0
14.23684210526316 300.81858138951935 5.0 91.03448275862068 227.58620689655172 0.0 0.0 0.0
15.0 302.43598659975044 5.0 91.03448275862068 227.58620689655172 0.0 0.0 0.0
