0.5 309.30031821369687 5.0 93.10344827586208 232.75862068965517 0.0 0.0 0.0
1.263157894736842 312.63717080271226 5.0 93.10344827586208 232.75862068965517 0.0 0.0 0.0
2.026315789473684 315.40748670466684 5.0 93.10344827586208 232.75862068965517 0.0 0.0 0.0
2.7894736842105265 312.6912123034911 5.0 93.10344827586208 232.75862068965517 0.0 0.0 0.0
3.5526315789473686 305.9400363066004 5.0 93.10344827586208 232.75862068965517 0.0 0.0 0.0
4.315789473684211 309.6477258680766 5.0 93.10344827586208 232.75862068965517 0.0 0.0 0.0
5.078947368421053 311.1147307294515 5.0 93.10344827586208 232.75862068965517 0.0 0.0 0.0
5.842105263157895 310.8776009369777 5.0 93.10344827586208 232.75862068965517 0.0 0.0 0.0
6.605263157894737 311.96274124503555 5.0 93.10344827586208 232.75862068965517 0.0 0.0 0.0
7.36842105263158 307.59368074682465 5.0 93.10344827586208 232.75862068965517 0.0 0.0 0.0
8.131578947368421 310.5396568488591 5.0 93.10344827586208 232.75862068965517 0.0 0.0 0.0
8.894736842105264 311.6057960755353 5.0 93.10344827586208 232.75862068965517 0.0 0.0 0.0
9.657894736842106 312.8218404461179 5.0 93.10344827586208 232.75862068965517 0.0 0.0 0.0
10.421052631578949 307.92767308636854 5.0 93.10344827586208 232.75862068965517 0.0 0.0 0.0
11.18421052631579 309.3093569844782 5.0 93.10344827586208 232.75862068965517 0.0 0.0 0.0
11.947368421052632 302.2333745459869 5.0 93.10344827586208 232.75862068965517 0.0 0.0 0.0
12.710526315789474 308.4804416834736 5.0 93.10344827586208 232.75862068965517 0.0 0.0 0.0
13.473684210526317 308.7715829072938 5.0 93.10344827586208 232.75862068965517 0.0 0.0 0.0
14.23684210526316 307.2860740617046 5.0 93.10344827586208 232.75862068965517 0.0 0.0 0.0
15.0 310.8416640369049 5.0 93.10344827586208 232.75862068965517 0.0 0.0 0.0
