0.5 306.3499198189208 5.0 90.62068965517241 226.55172413793105 0.0 0.0 0.0
1.263157894736842 302.3250796620492 5.0 90.62068965517241 226.55172413793105 0.0 0.0 0.0
2.026315789473684 297.08445075802587 5.0 90.62068965517241 226.55172413793105 0.0 0.0 0.0
2.7894736842105265 296.53660416373884 5.0 90.62068965517241 226.55172413793105 0.0 0.0 0.0
3.5526315789473686 302.83421164884464 5.0 90.62068965517241 226.55172413793105 0.0 0.0 0.0
4.315789473684211 300.29302909405146 5.0 90.62068965517241 226.55172413793105 0.0 0.0 0.0
5.078947368421053 299.32523668225934 5.0 90.62068965517241 226.55172413793105 0.0 0.0 0.0
5.842105263157895 301.8807254653354 5.0 90.62068965517241 226.55172413793105 0.0 0.0 0.0
6.605263157894737 303.91572138082523 5.0 90.62068965517241 226.55172413793105 0.0 0.0 0.0
7.36842105263158 297.71069287695497 5.0 90.62068965517241 226.55172413793105 0.0 0.0 0.0
8.131578947368421 300.7223326564002 5.0 90.62068965517241 226.55172413793105 0.0 0.0 0.0
8.894736842105264 306.59857756660233 5.0 90.62068965517241 226.55172413793105 0.0 0.0 0.0
9.657894736842106 298.8431003765773 5.0 90.62068965517241 226.55172413793105 0.0 0.0 0.0
10.421052631578949 304.67824907873626 5.0 90.62068965517241 226.55172413793105 0.0 0.0 0.0
11.18421052631579 300.6147732325944 5.0 90.62068965517241 226.55172413793105 0.0 0.0 0.0
11.947368421052632 303.70634679679125 5.0 90.62068965517241 226.55172413793105 0.0 0.0 0.0
12.710526315789474 305.36094803885 5.0 90.62068965517241 226.55172413793105 0.0 0.0 0.0
13.473684210526317 304.2928108181965 5.0 90.62068965517241 226.55172413793105 0.0 0.0 0.0
14.23684210526316 304.796444323883 5.0 90.62068965517241 226.55172413793105 0.0 0.0 0.0
15.0 298.61418491701755 5.0 90.62068965517241 226.55172413793105 0.0 0.0 0.0
