0.5 304.14674678649317 5.0 92.6896551724138 231.72413793103448 0.0 0.0 0.0
1.263157894736842 308.0260554246545 5.0 92.6896551724138 231.72413793103448 0.0 0.0 0.0
2.026315789473684 309.4620636274296 5.0 92.6896551724138 231.72413793103448 0.0 0.0 0.0
2.7894736842105265 311.3020063927424 5.0 92.6896551724138 231.72413793103448 0.0 0.0 0.0
3.5526315789473686 311.69582172619863 5.0 92.6896551724138 231.72413793103448 0.0 0.0 0.0
4.315789473684211 309.8172352449057 5.0 92.6896551724138 231.72413793103448 0.0 0.0 0.0
5.078947368421053 310.7212598354559 5.0 92.6896551724138 231.72413793103448 0.0 0.0 0.0
5.842105263157895 309.15792764851375 5.0 92.6896551724138 231.72413793103448 0.0 0.0 0.0
6.605263157894737 306.9439621768376 5.0 92.6896551724138 231.72413793103448 0.0 0.0 0.0
7.36842105263158 308.18172406825556 5.0 92.6896551724138 231.72413793103448 0.0 0.0 0.0
8.131578947368421 309.0224908012996 5.0 92.6896551724138 231.72413793103448 0.0 0.0 0.0
8.894736842105264 308.8614794913235 5.0 92.6896551724138 231.72413793103448 0.0 0.0 0.0
9.657894736842106 303.3087985280489 5.0 92.6896551724138 231.72413793103448 0.0 0.0 0.0
10.421052631578949 307.77306723659103 5.0 92.6896551724138 231.72413793103448 0.0 0.0 0.0
11.18421052631579 309.13413420064677 5.0 92.6896551724138 231.72413793103448 0.0 0.0 0.0
11.947368421052632 308.1214072656622 5.0 92.6896551724138 231.72413793103448 0.0 0.0 0.0
12.710526315789474 308.22504585484455 5.0 92.6896551724138 231.72413793103448 0.0 0.0 0.0
13.473684210526317 310.4294913537931 5.0 92.6896551724138 231.72413793103448 0.0 0.0 0.0
14.23684210526316 305.7286456802334 5.0 92.6896551724138 231.72413793103448 0.0 0.0 0.0
15.0 304.08139059952566 5.0 92.6896551724138 231.72413793103448 0.0 0.0 0.0
