0.5 311.4377621535989 5.0 91.86206896551725 229.65517241379314 0.0 0.0 0.0
1.263157894736842 308.51270784821327 5.0 91.86206896551725 229.65517241379314 0.0 0.0 0.0
2.026315789473684 304.5353849705649 5.0 91.86206896551725 229.65517241379314 0.0 0.0 0.0
2.7894736842105265 310.12043764307083 5.0 91.86206896551725 229.65517241379314 0.0 0.0 0.0
3.5526315789473686 303.98534909022084 5.0 91.86206896551725 229.65517241379314 0.0 0.0 0.0
4.315789473684211 309.2341959629262 5.0 91.86206896551725 229.65517241379314 0.0 0.0 0.0
5.078947368421053 302.13026481395514 5.0 91.86206896551725 229.65517241379314 0.0 0.0 0.0
5.842105263157895 309.42667004709165 5.0 91.86206896551725 229.65517241379314 0.0 0.0 0.0
6.605263157894737 304.98849561531125 5.0 91.86206896551725 229.65517241379314 0.0 0.0 0.0
7.36842105263158 303.1213838289004 5.0 91.86206896551725 229.65517241379314 0.0 0.0 0.0
8.131578947368421 305.5554657124952 5.0 91.86206896551725 229.65517241379314 0.0 0.0 0.0
8.894736842105264 307.03892909088484 5.0 91.86206896551725 229.65517241379314 0.0 0.0 0.0
9.657894736842106 304.7226512601471 5.0 91.86206896551725 229.65517241379314 0.0 0.0 0.0
10.421052631578949 307.86875706971017 5.0 91.86206896551725 229.65517241379314 0.0 0.0 0.0
11.18421052631579 304.45791490073196 5.0 91.86206896551725 229.65517241379314 0.0 0.0 0.0
11.947368421052632 308.0680137335183 5.0 91.86206896551725 229.65517241379314 0.0 0.0 0.0
12.710526315789474 307.53356273783396 5.0 91.86206896551725 229.65517241379314 0.0 0.0 0.0
13.473684210526317 306.0241273876004 5.0 91.86206896551725 229.65517241379314 0.0 0.0 0.0
14.23684210526316 304.88274961462633 5.0 91.86206896551725 229.65517241379314 0.0 0.0 0.0
15.0 306.66151893901997 5.0 91.86206896551725 229.65517241379314 0.0 0.0 0.0
