0.5 313.7810277848117 5.0 93.93103448275862 234.82758620689657 0.0 0.0 0.0
1.263157894736842 314.07810243233587 5.0 93.93103448275862 234.82758620689657 0.0 0.0 0.0
2.026315789473684 318.73858567184146 5.0 93.93103448275862 234.82758620689657 0.0 0.0 0.0
2.7894736842105265 311.09672025585184 5.0 93.93103448275862 234.82758620689657 0.0 0.0 0.0
3.5526315789473686 312.8830122910909 5.0 93.93103448275862 234.82758620689657 0.0 0.0 0.0
4.315789473684211 314.3818201163204 5.0 93.93103448275862 234.82758620689657 0.0 0.0 0.0
5.078947368421053 313.0331793982596 5.0 93.93103448275862 234.82758620689657 0.0 0.0 0.0
5.842105263157895 311.60159383789613 5.0 93.93103448275862 234.82758620689657 0.0 0.0 0.0
6.605263157894737 308.45567674682934 5.0 93.93103448275862 234.82758620689657 0.0 0.0 0.0
7.36842105263158 311.570944598703 5.0 93.93103448275862 234.82758620689657 0.0 0.0 0.0
8.131578947368421 309.88234103770867 5.0 93.93103448275862 234.82758620689657 0.0 0.0 0.0
8.894736842105264 307.9236282324908 5.0 93.93103448275862 234.82758620689657 0.0 0.0 0.0
9.657894736842106 310.71641175085034 5.0 93.93103448275862 234.82758620689657 0.0 0.0 0.0
10.421052631578949 309.96217311356276 5.0 93.93103448275862 234.82758620689657 0.0 0.0 0.0
11.18421052631579 314.8548079117409 5.0 93.93103448275862 234.82758620689657 0.0 0.0 0.0
11.947368421052632 314.90672378810496 5.0 93.93103448275862 234.82758620689657 0.0 0.0 0.0
12.710526315789474 310.39181040711946 5.0 93.93103448275862 234.82758620689657 0.0 0.0 0.0
13.473684210526317 312.32276238417273 5.0 93.93103448275862 234.82758620689657 0.0 0.0 0.0
14.23684210526316 307.5287202895245 5.0 93.93103448275862 234.82758620689657 0.0 0.0 0.0
15.0 311.620428425314 5.0 93.93103448275862 234.82758620689657 0.0 0.0 0.0
