0.5 311.5563016348987 5.0 93.51724137931036 233.7931034482759 0.0 0.0 0.0
1.263157894736842 304.9464962983017 5.0 93.51724137931036 233.7931034482759 0.0 0.0 0.0
2.026315789473684 312.3706618389398 5.0 93.51724137931036 233.7931034482759 0.0 0.0 0.0
2.7894736842105265 308.93916553866745 5.0 93.51724137931036 233.7931034482759 0.0 0.0 0.0
3.5526315789473686 313.1812048086061 5.0 93.51724137931036 233.7931034482759 0.0 0.0 0.0
4.315789473684211 307.87858418784856 5.0 93.51724137931036 233.7931034482759 0.0 0.0 0.0
5.078947368421053 311.81415754662737 5.0 93.51724137931036 233.7931034482759 0.0 0.0 0.0
5.842105263157895 310.874647944375 5.0 93.51724137931036 233.7931034482759 0.0 0.0 0.0
6.605263157894737 312.6334435858855 5.0 93.51724137931036 233.7931034482759 0.0 0.0 0.0
7.36842105263158 312.09822976398857 5.0 93.51724137931036 233.7931034482759 0.0 0.0 0.0
8.131578947368421 310.9586454059702 5.0 93.51724137931036 233.7931034482759 0.0 0.0 0.0
8.894736842105264 307.1153209889018 5.0 93.51724137931036 233.7931034482759 0.0 0.0 0.0
9.657894736842106 307.29251404065144 5.0 93.51724137931036 233.7931034482759 0.0 0.0 0.0
10.421052631578949 309.97247711375786 5.0 93.51724137931036 233.7931034482759 0.0 0.0 0.0
11.18421052631579 311.6992982792458 5.0 93.51724137931036 233.7931034482759 0.0 0.0 0.0
11.947368421052632 309.8993940894372 5.0 93.51724137931036 233.7931034482759 0.0 0.0 0.0
12.710526315789474 313.5997737227729 5.0 93.51724137931036 233.7931034482759 0.0 0.0 0.0
13.473684210526317 310.8864751733995 5.0 93.51724137931036 233.7931034482759 0.0 0.0 0.0
14.23684210526316 308.829099756696 5.0 93.51724137931036 233.7931034482759 0.0 0.0 0.0
15.0 310.8898490520708 5.0 93.51724137931036 233.7931034482759 0.0 0.0 0.0
