0.5 298.96864609983857 5.0 90.20689655172414 225.51724137931038 0.0 0.0 0.0
1.263157894736842 304.18014261533324 5.0 90.20689655172414 225.51724137931038 0.0 0.0 0.0
2.026315789473684 299.7710489354992 5.0 90.20689655172414 225.51724137931038 0.0 0.0 0.0
2.7894736842105265 304.00314024803055 5.0 90.20689655172414 225.51724137931038 0.0 0.0 0.0
3.5526315789473686 301.97655134579543 5.0 90.20689655172414 225.51724137931038 0.0 0.0 0.0
4.315789473684211 299.66112121368434 5.0 90.20689655172414 225.51724137931038 0.0 0.0 0.0
5.078947368421053 302.1287267642064 5.0 90.20689655172414 225.51724137931038 0.0 0.0 0.0
5.842105263157895 301.6510037139519 5.0 90.20689655172414 225.51724137931038 0.0 0.0 0.0
6.605263157894737 303.75230363542124 5.0 90.20689655172414 225.51724137931038 0.0 0.0 0.0
7.36842105263158 299.0446185588188 5.0 90.20689655172414 225.51724137931038 0.0 0.0 0.0
8.131578947368421 300.8132733727587 5.0 90.20689655172414 225.51724137931038 0.0 0.0 0.0
8.894736842105264 300.50510813359995 5.0 90.20689655172414 225.51724137931038 0.0 0.0 0.0
9.657894736842106 302.8020995973332 5.0 90.20689655172414 225.51724137931038 0.0 0.0 0.0
10.421052631578949 297.61411758908133 5.0 90.20689655172414 225.51724137931038 0.0 0.0 0.0
11.18421052631579 303.7405863171274 5.0 90.20689655172414 225.51724137931038 0.0 0.0 0.0
11.947368421052632 302.0886414889251 5.0 90.20689655172414 225.51724137931038 0.0 0.0 0.0
12.710526315789474 296.738879951515 5.0 90.20689655172414 225.51724137931038 0.0 0.0 0.0
13.473684210526317 304.31444364885533 5.0 90.20689655172414 225.51724137931038 0.0 0.0 0.0
14.23684210526316 307.39193441480705 5.0 90.20689655172414 225.51724137931038 0.0 0.0 0.0
15.0 303.69515708106206 5.0 90.20689655172414 225.51724137931038 0.0 0.0 0.0
