0.5 309.2369681256528 5.0 92.27586206896552 230.6896551724138 0.0 0.0 0.0
1.263157894736842 313.77160435474656 5.0 92.27586206896552 230.6896551724138 0.0 0.0 0.0
2.026315789473684 310.4044681619463 5.0 92.27586206896552 230.6896551724138 0.0 0.0 0.0
2.7894736842105265 310.5141767459993 5.0 92.27586206896552 230.6896551724138 0.0 0.0 0.0
3.5526315789473686 316.8517434811326 5.0 92.27586206896552 230.6896551724138 0.0 0.0 0.0
4.315789473684211 309.13408232685526 5.0 92.27586206896552 230.6896551724138 0.0 0.0 0.0
5.078947368421053 309.0401374304868 5.0 92.27586206896552 230.6896551724138 0.0 0.0 0.0
5.842105263157895 309.6982521195167 5.0 92.27586206896552 230.6896551724138 0.0 0.0 0.0
6.605263157894737 304.559308963787 5.0 92.27586206896552 230.6896551724138 0.0 0.0 0.0
7.36842105263158 306.2545019872955 5.0 92.27586206896552 230.6896551724138 0.0 0.0 0.0
8.131578947368421 306.06769909647477 5.0 92.27586206896552 230.6896551724138 0.0 0.0 0.0
8.894736842105264 309.5290488282104 5.0 92.27586206896552 230.6896551724138 0.0 0.0 0.0
9.657894736842106 307.06368320988815 5.0 92.27586206896552 230.6896551724138 0.0 0.0 0.0
10.421052631578949 308.00087717297464 5.0 92.27586206896552 230.6896551724138 0.0 0.0 0.0
11.18421052631579 310.84857075699716 5.0 92.27586206896552 230.6896551724138 0.0 0.0 0.0
11.947368421052632 310.17565911266416 5.0 92.27586206896552 230.6896551724138 0.0 0.0 0.0
12.710526315789474 307.101043887428 5.0 92.27586206896552 230.6896551724138 0.0 0.0 0.0
13.473684210526317 305.57622160591706 5.0 92.27586206896552 230.6896551724138 0.0 0.0 0.0
14.23684210526316 310.9920310915113 5.0 92.27586206896552 230.6896551724138 0.0 0.0 0.0
15.0 309.9078804392813 5.0 92.27586206896552 230.6896551724138 0.0 0.0 0.0
