0.5 318.9261514944823 5.0 95.58620689655173 238.96551724137933 0.0 0.0 0.0
1.263157894736842 314.3827665873688 5.0 95.58620689655173 238.96551724137933 0.0 0.0 0.0
2.026315789473684 314.6756023385592 5.0 95.58620689655173 238.96551724137933 0.0 0.0 0.0
2.7894736842105265 314.47719786070013 5.0 95.58620689655173 238.96551724137933 0.0 0.0 0.0
3.5526315789473686 320.0950474249912 5.0 95.58620689655173 238.96551724137933 0.0 0.0 0.0
4.315789473684211 324.81237326214244 5.0 95.58620689655173 238.96551724137933 0.0 0.0 0.0
5.078947368421053 322.70806438717307 5.0 95.58620689655173 238.96551724137933 0.0 0.0 0.0
5.842105263157895 312.93273405773425 5.0 95.58620689655173 238.96551724137933 0.0 0.0 0.0
6.605263157894737 322.8839174693818 5.0 95.58620689655173 238.96551724137933 0.0 0.0 0.0
7.36842105263158 321.4298909062164 5.0 95.58620689655173 238.96551724137933 0.0 0.0 0.0
8.131578947368421 313.9847898185862 5.0 95.58620689655173 238.96551724137933 0.0 0.0 0.0
8.894736842105264 317.71108480504097 5.0 95.58620689655173 238.96551724137933 0.0 0.0 0.0
9.657894736842106 321.9072568896599 5.0 95.58620689655173 238.96551724137933 0.0 0.0 0.0
10.421052631578949 320.27199018797677 5.0 95.58620689655173 238.96551724137933 0.0 0.0 0.0
11.18421052631579 314.6934044980085 5.0 95.58620689655173 238.96551724137933 0.0 0.0 0.0
11.947368421052632 320.452916122561 5.0 95.58620689655173 238.96551724137933 0.0 0.0 0.0
12.710526315789474 312.2081878669307 5.0 95.58620689655173 238.96551724137933 0.0 0.0 0.0
13.473684210526317 317.9522231279008 5.0 95.58620689655173 238.96551724137933 0.0 0.0 0.0
14.23684210526316 322.0345599633726 5.0 95.58620689655173 238.96551724137933 0.0 0.0 0.0
15.0 318.6758723018864 5.0 95.58620689655173 238.96551724137933 0.0 0.0 0.0
