0.5 323.18816021078163 5.0 95.17241379310346 237.93103448275866 0.0 0.0 0.0
1.263157894736842 317.3809188209891 5.0 95.17241379310346 237.93103448275866 0.0 0.0 0.0
2.026315789473684 317.4333124444515 5.0 95.17241379310346 237.93103448275866 0.0 0.0 0.0
2.7894736842105265 316.1210504112963 5.0 95.17241379310346 237.93103448275866 0.0 0.0 0.0
3.5526315789473686 320.55939818485325 5.0 95.17241379310346 237.93103448275866 0.0 0.0 0.0
4.315789473684211 316.25461969934474 5.0 95.17241379310346 237.93103448275866 0.0 0.0 0.0
5.078947368421053 315.9773674864078 5.0 95.17241379310346 237.93103448275866 0.0 0.0 0.0
5.842105263157895 320.1771579013398 5.0 95.17241379310346 237.93103448275866 0.0 0.0 0.0
6.605263157894737 315.62648202439493 5.0 95.17241379310346 237.93103448275866 0.0 0.0 0.0
7.36842105263158 317.12811420699927 5.0 95.17241379310346 237.93103448275866 0.0 0.0 0.0
8.131578947368421 312.4974469658119 5.0 95.17241379310346 237.93103448275866 0.0 0.0 0.0
8.894736842105264 319.3539503457144 5.0 95.17241379310346 237.93103448275866 0.0 0.0 0.0
9.657894736842106 323.0639801278905 5.0 95.17241379310346 237.93103448275866 0.0 0.0 0.0
10.421052631578949 319.4050554287443 5.0 95.17241379310346 237.93103448275866 0.0 0.0 0.0
11.18421052631579 321.6267768129868 5.0 95.17241379310346 237.93103448275866 0.0 0.0 0.0
11.947368421052632 314.7030729018129 5.0 95.17241379310346 237.93103448275866 0.0 0.0 0.0
12.710526315789474 317.95035215642946 5.0 95.17241379310346 237.93103448275866 0.0 0.0 0.0
13.473684210526317 314.4118995372367 5.0 95.17241379310346 237.93103448275866 0.0 0.0 0.0
14.23684210526316 316.55808267360084 5.0 95.17241379310346 237.93103448275866 0.0 0.0 0.0
15.0 319.5580137424024 5.0 95.17241379310346 237.93103448275866 0.0 0.0 0.0
