0.5 315.6797043227967 5.0 94.34482758620689 235.86206896551724 0.0 0.0 0.0
1.263157894736842 316.957572289532 5.0 94.34482758620689 235.86206896551724 0.0 0.0 0.0
2.026315789473684 312.34361737561574 5.0 94.34482758620689 235.86206896551724 0.0 0.0 0.0
2.7894736842105265 317.6383232022722 5.0 94.34482758620689 235.86206896551724 0.0 0.0 0.0
3.5526315789473686 309.93568285614924 5.0 94.34482758620689 235.86206896551724 0.0 0.0 0.0
4.315789473684211 310.73987522325825 5.0 94.34482758620689 235.86206896551724 0.0 0.0 0.0
5.078947368421053 316.6117442176033 5.0 94.34482758620689 235.86206896551724 0.0 0.0 0.0
5.842105263157895 319.4961223063794 5.0 94.34482758620689 235.86206896551724 0.0 0.0 0.0
6.605263157894737 315.96305458524074 5.0 94.34482758620689 235.86206896551724 0.0 0.0 0.0
7.36842105263158 314.36173146108763 5.0 94.34482758620689 235.86206896551724 0.0 0.0 0.0
8.131578947368421 307.89720738112305 5.0 94.34482758620689 235.86206896551724 0.0 0.0 0.0
8.894736842105264 308.4154174525592 5.0 94.34482758620689 235.86206896551724 0.0 0.0 0.0
9.657894736842106 314.8709872313773 5.0 94.34482758620689 235.86206896551724 0.0 0.0 0.0
10.421052631578949 313.40857061197613 5.0 94.34482758620689 235.86206896551724 0.0 0.0 0.0
11.18421052631579 311.1652530742333 5.0 94.34482758620689 235.86206896551724 0.0 0.0 0.0
11.947368421052632 314.6793563631798 5.0 94.34482758620689 235.86206896551724 0.0 0.0 0.0
12.710526315789474 314.82815272321307 5.0 94.34482758620689 235.86206896551724 0.0 0.0 0.0
13.473684210526317 317.3160062263105 5.0 94.34482758620689 235.86206896551724 0.0 0.0 0.0
14.23684210526316 314.89256546972774 5.0 94.34482758620689 235.86206896551724 0.0 0.0 0.0
15.0 318.1679417256928 5.0 94.34482758620689 235.86206896551724 0.0 0.0 0.0
