0.5 318.50318735011416 5.0 96.0 240.0 0.0 0.0 0.0
1.263157894736842 322.66803876131706 5.0 96.0 240.0 0.0 0.0 0.0
2.026315789473684 322.92425544525975 5.0 96.0 240.0 0.0 0.0 0.0
2.7894736842105265 323.93011907860085 5.0 96.0 240.0 0.0 0.0 0.0
3.5526315789473686 322.62302728533916 5.0 96.0 240.0 0.0 0.0 0.0
4.315789473684211 323.24412438181145 5.0 96.0 240.0 0.0 0.0 0.0
5.078947368421053 322.1987256723126 5.0 96.0 240.0 0.0 0.0 0.0
5.842105263157895 320.7965859473494 5.0 96.0 240.0 0.0 0.0 0.0
6.605263157894737 320.26852699929145 5.0 96.0 240.0 0.0 0.0 0.0
7.36842105263158 319.2882208427078 5.0 96.0 240.0 0.0 0.0 0.0
8.131578947368421 316.36289512082084 5.0 96.0 240.0 0.0 0.0 0.0
8.894736842105264 317.13406547354055 5.0 96.0 240.0 0.0 0.0 0.0
9.657894736842106 319.1539565541944 5.0 96.0 240.0 0.0 0.0 0.0
10.421052631578949 320.7243564788073 5.0 96.0 240.0 0.0 0.0 0.0
11.18421052631579 324.3224377940128 5.0 96.0 240.0 0.0 0.0 0.0
11.947368421052632 319.87460831637344 5.0 96.0 240.0 0.0 0.0 0.0
12.710526315789474 323.010428872633 5.0 96.0 240.0 0.0 0.0 0.0
13.473684210526317 323.2379469692964 5.0 96.0 240.0 0.0 0.0 0.0
14.23684210526316 319.3056596069336 5.0 96.0 240.0 0.0 0.0 0.0
15.0 321.78407063411055 5.0 96.0 240.0 0.0 0.0 0.0
