0.5 315.8860510541637 5.0 94.75862068965517 236.89655172413796 0.0 0.0 0.0
1.263157894736842 315.5160639810953 5.0 94.75862068965517 236.89655172413796 0.0 0.0 0.0
2.026315789473684 319.05500552425883 5.0 94.75862068965517 236.89655172413796 0.0 0.0 0.0
2.7894736842105265 312.92674632539297 5.0 94.75862068965517 236.89655172413796 0.0 0.0 0.0
3.5526315789473686 324.30541132531573 5.0 94.75862068965517 236.89655172413796 0.0 0.0 0.0
4.315789473684211 316.9878414000175 5.0 94.75862068965517 236.89655172413796 0.0 0.0 0.0
5.078947368421053 317.0045567240303 5.0 94.75862068965517 236.89655172413796 0.0 0.0 0.0
5.842105263157895 317.43735688743504 5.0 94.75862068965517 236.89655172413796 0.0 0.0 0.0
6.605263157894737 321.4934783915122 5.0 94.75862068965517 236.89655172413796 0.0 0.0 0.0
7.36842105263158 318.2395912005351 5.0 94.75862068965517 236.89655172413796 0.0 0.0 0.0
8.131578947368421 311.0469010285055 5.0 94.75862068965517 236.89655172413796 0.0 0.0 0.0
8.894736842105264 320.0724801198198 5.0 94.75862068965517 236.89655172413796 0.0 0.0 0.0
9.657894736842106 314.83937922718223 5.0 94.75862068965517 236.89655172413796 0.0 0.0 0.0
10.421052631578949 316.18353418403524 5.0 94.75862068965517 236.89655172413796 0.0 0.0 0.0
11.18421052631579 312.0243070489915 5.0 94.75862068965517 236.89655172413796 0.0 0.0 0.0
11.947368421052632 317.44067501988894 5.0 94.75862068965517 236.89655172413796 0.0 0.0 0.0
12.710526315789474 313.9079460953146 5.0 94.75862068965517 236.89655172413796 0.0 0.0 0.0
13.473684210526317 316.1625778794977 5.0 94.75862068965517 236.89655172413796 0.0 0.0 0.0
14.23684210526316 315.00977194943493 5.0 94.75862068965517 236.89655172413796 0.0 0.0 0.0
15.0 321.63710737072483 5.0 94.75862068965517 236.89655172413796 0.0 0.0 0.0
