# SPARC rotation curve data (sample)
# R[kpc] Vobs[km/s] errV[km/s] Vgas[km/s] Vdisk[km/s] Vbul[km/s]
0.3000  6.1602  3.5000  2.4280  2.1936  0.0000
0.9524  17.3428  3.5000  7.4074  6.4094  0.0000
1.6048  25.0539  3.5000  11.6382  9.5038  0.0000
2.2571  32.0480  3.5000  15.0210  11.6481  0.0000
2.9095  37.8470  3.5000  17.6676  13.1532  0.0000
3.5619  41.6498  3.5000  19.7408  14.2452  0.0000
4.2143  44.5861  3.5000  21.3840  15.0653  0.0000
4.8667  48.6557  3.5000  22.7064  15.7005  0.0000
5.5190  48.8003  3.5000  23.7877  16.2053  0.0000
6.1714  50.6296  3.5000  24.6849  16.6154  0.0000
6.8238  51.8128  3.5000  25.4396  16.9546  0.0000
7.4762  52.7351  3.5000  26.0822  17.2398  0.0000
8.1286  53.1532  3.5000  26.6352  17.4826  0.0000
8.7810  54.5179  3.5000  27.1158  17.6919  0.0000
9.4333  54.4129  3.5000  27.5371  17.8740  0.0000
10.0857  55.3100  3.5000  27.9091  18.0339  0.0000
10.7381  55.7257  3.5000  28.2401  18.1754  0.0000
11.3905  56.5111  3.5000  28.5362  18.3014  0.0000
12.0429  58.1213  3.5000  28.8027  18.4145  0.0000
12.6952  56.3213  3.5000  29.0438  18.5164  0.0000
13.3476  58.0208  3.5000  29.2628  18.6087  0.0000
14.0000  57.1409  3.5000  29.4628  18.6927  0.0000
