0.5 96.49858910724228 5.0 29.818181818181817 74.54545454545455 0.0 0.0 0.0
1.263157894736842 97.21826120033214 5.0 29.818181818181817 74.54545454545455 0.0 0.0 0.0
2.026315789473684 105.77934859124488 5.0 29.818181818181817 74.54545454545455 0.0 0.0 0.0
2.7894736842105265 96.92977935626624 5.0 29.818181818181817 74.54545454545455 0.0 0.0 0.0
3.5526315789473686 101.90940700514842 5.0 29.818181818181817 74.54545454545455 0.0 0.0 0.0
4.315789473684211 96.68515785967831 5.0 29.818181818181817 74.54545454545455 0.0 0.0 0.0
5.078947368421053 102.18865843256212 5.0 29.818181818181817 74.54545454545455 0.0 0.0 0.0
5.842105263157895 100.54879229225698 5.0 29.818181818181817 74.54545454545455 0.0 0.0 0.0
6.605263157894737 98.92402570096512 5.0 29.818181818181817 74.54545454545455 0.0 0.0 0.0
7.36842105263158 99.27165181553309 5.0 29.818181818181817 74.54545454545455 0.0 0.0 0.0
8.131578947368421 97.42957630765122 5.0 29.818181818181817 74.54545454545455 0.0 0.0 0.0
8.894736842105264 100.73215599838564 5.0 29.818181818181817 74.54545454545455 0.0 0.0 0.0
9.657894736842106 98.02898895291705 5.0 29.818181818181817 74.54545454545455 0.0 0.0 0.0
10.421052631578949 95.71712210263765 5.0 29.818181818181817 74.54545454545455 0.0 0.0 0.0
11.18421052631579 95.56012667098054 5.0 29.818181818181817 74.54545454545455 0.0 0.0 0.0
11.947368421052632 99.91170314710575 5.0 29.818181818181817 74.54545454545455 0.0 0.0 0.0
12.710526315789474 104.1312131631707 5.0 29.818181818181817 74.54545454545455 0.0 0.0 0.0
13.473684210526317 99.87391423465971 5.0 29.818181818181817 74.54545454545455 0.0 0.0 0.0
14.23684210526316 99.03802441560974 5.0 29.818181818181817 74.54545454545455 0.0 0.0 0.0
15.0 100.25141781274702 5.0 29.818181818181817 74.54545454545455 0.0 0.0 0.0
