0.5 91.47496206758895 5.0 28.363636363636363 70.9090909090909 0.0 0.0 0.0
1.263157894736842 95.0832814503235 5.0 28.363636363636363 70.9090909090909 0.0 0.0 0.0
2.026315789473684 95.20544459736985 5.0 28.363636363636363 70.9090909090909 0.0 0.0 0.0
2.7894736842105265 98.62301727117585 5.0 28.363636363636363 70.9090909090909 0.0 0.0 0.0
3.5526315789473686 97.05078828319829 5.0 28.363636363636363 70.9090909090909 0.0 0.0 0.0
4.315789473684211 95.61606772290307 5.0 28.363636363636363 70.9090909090909 0.0 0.0 0.0
5.078947368421053 98.93536321911323 5.0 28.363636363636363 70.9090909090909 0.0 0.0 0.0
5.842105263157895 90.97916538248599 5.0 28.363636363636363 70.9090909090909 0.0 0.0 0.0
6.605263157894737 92.62619994720531 5.0 28.363636363636363 70.9090909090909 0.0 0.0 0.0
7.36842105263158 91.76572672123797 5.0 28.363636363636363 70.9090909090909 0.0 0.0 0.0
8.131578947368421 93.37602513598725 5.0 28.363636363636363 70.9090909090909 0.0 0.0 0.0
8.894736842105264 90.41539610278562 5.0 28.363636363636363 70.9090909090909 0.0 0.0 0.0
9.657894736842106 96.45090738589776 5.0 28.363636363636363 70.9090909090909 0.0 0.0 0.0
10.421052631578949 93.87878645415823 5.0 28.363636363636363 70.9090909090909 0.0 0.0 0.0
11.18421052631579 90.13303566194658 5.0 28.363636363636363 70.9090909090909 0.0 0.0 0.0
11.947368421052632 91.49871730183192 5.0 28.363636363636363 70.9090909090909 0.0 0.0 0.0
12.710526315789474 95.48599608780513 5.0 28.363636363636363 70.9090909090909 0.0 0.0 0.0
13.473684210526317 97.0598342491377 5.0 28.363636363636363 70.9090909090909 0.0 0.0 0.0
14.23684210526316 100.53564722052991 5.0 28.363636363636363 70.9090909090909 0.0 0.0 0.0
15.0 103.28704194347654 5.0 28.363636363636363 70.9090909090909 0.0 0.0 0.0
