0.5 106.46032675640633 5.0 32.72727272727273 81.81818181818181 0.0 0.0 0.0
1.263157894736842 108.80812142815142 5.0 32.72727272727273 81.81818181818181 0.0 0.0 0.0
2.026315789473684 103.8177239168392 5.0 32.72727272727273 81.81818181818181 0.0 0.0 0.0
2.7894736842105265 104.68977335473612 5.0 32.72727272727273 81.81818181818181 0.0 0.0 0.0
3.5526315789473686 115.478650426994 5.0 32.72727272727273 81.81818181818181 0.0 0.0 0.0
4.315789473684211 105.228641347087 5.0 32.72727272727273 81.81818181818181 0.0 0.0 0.0
5.078947368421053 105.80055235554518 5.0 32.72727272727273 81.81818181818181 0.0 0.0 0.0
5.842105263157895 114.60164967587303 5.0 32.72727272727273 81.81818181818181 0.0 0.0 0.0
6.605263157894737 117.80611059863031 5.0 32.72727272727273 81.81818181818181 0.0 0.0 0.0
7.36842105263158 105.57620920443307 5.0 32.72727272727273 81.81818181818181 0.0 0.0 0.0
8.131578947368421 107.986162220545 5.0 32.72727272727273 81.81818181818181 0.0 0.0 0.0
8.894736842105264 110.11557574373062 5.0 32.72727272727273 81.81818181818181 0.0 0.0 0.0
9.657894736842106 114.27700202412586 5.0 32.72727272727273 81.81818181818181 0.0 0.0 0.0
10.421052631578949 106.13033785562438 5.0 32.72727272727273 81.81818181818181 0.0 0.0 0.0
11.18421052631579 108.35507555308277 5.0 32.72727272727273 81.81818181818181 0.0 0.0 0.0
11.947368421052632 111.42292181909433 5.0 32.72727272727273 81.81818181818181 0.0 0.0 0.0
12.710526315789474 110.39520731430895 5.0 32.72727272727273 81.81818181818181 0.0 0.0 0.0
13.473684210526317 107.9624408772188 5.0 32.72727272727273 81.81818181818181 0.0 0.0 0.0
14.23684210526316 108.68944019736097 5.0 32.72727272727273 81.81818181818181 0.0 0.0 0.0
15.0 104.96622166579915 5.0 32.72727272727273 81.81818181818181 0.0 0.0 0.0
