0.5 123.17879603900657 5.0 37.09090909090909 92.72727272727273 0.0 0.0 0.0
1.263157894736842 124.78654522942412 5.0 37.09090909090909 92.72727272727273 0.0 0.0 0.0
2.026315789473684 126.63583637709452 5.0 37.09090909090909 92.72727272727273 0.0 0.0 0.0
2.7894736842105265 120.46075539042842 5.0 37.09090909090909 92.72727272727273 0.0 0.0 0.0
3.5526315789473686 123.2613365454049 5.0 37.09090909090909 92.72727272727273 0.0 0.0 0.0
4.315789473684211 128.08073027934057 5.0 37.09090909090909 92.72727272727273 0.0 0.0 0.0
5.078947368421053 121.40559894992595 5.0 37.09090909090909 92.72727272727273 0.0 0.0 0.0
5.842105263157895 121.16961358449268 5.0 37.09090909090909 92.72727272727273 0.0 0.0 0.0
6.605263157894737 124.24328221185722 5.0 37.09090909090909 92.72727272727273 0.0 0.0 0.0
7.36842105263158 126.1695192078196 5.0 37.09090909090909 92.72727272727273 0.0 0.0 0.0
8.131578947368421 123.67064180304561 5.0 37.09090909090909 92.72727272727273 0.0 0.0 0.0
8.894736842105264 127.6232454076746 5.0 37.09090909090909 92.72727272727273 0.0 0.0 0.0
9.657894736842106 126.20674558406321 5.0 37.09090909090909 92.72727272727273 0.0 0.0 0.0
10.421052631578949 126.16182383703382 5.0 37.09090909090909 92.72727272727273 0.0 0.0 0.0
11.18421052631579 125.29871314033592 5.0 37.09090909090909 92.72727272727273 0.0 0.0 0.0
11.947368421052632 130.6193229374019 5.0 37.09090909090909 92.72727272727273 0.0 0.0 0.0
12.710526315789474 123.02087856976551 5.0 37.09090909090909 92.72727272727273 0.0 0.0 0.0
13.473684210526317 117.62579676016409 5.0 37.09090909090909 92.72727272727273 0.0 0.0 0.0
14.23684210526316 128.44912672091507 5.0 37.09090909090909 92.72727272727273 0.0 0.0 0.0
15.0 122.26326534349316 5.0 37.09090909090909 92.72727272727273 0.0 0.0 0.0
