0.5 126.38424739363516 5.0 37.81818181818182 94.54545454545455 0.0 0.0 0.0
1.263157894736842 129.98925811518765 5.0 37.81818181818182 94.54545454545455 0.0 0.0 0.0
2.026315789473684 121.2538274374293 5.0 37.81818181818182 94.54545454545455 0.0 0.0 0.0
2.7894736842105265 122.30566441828765 5.0 37.81818181818182 94.54545454545455 0.0 0.0 0.0
3.5526315789473686 121.25677224924951 5.0 37.81818181818182 94.54545454545455 0.0 0.0 0.0
4.315789473684211 123.67819719052979 5.0 37.81818181818182 94.54545454545455 0.0 0.0 0.0
5.078947368421053 127.37951587865705 5.0 37.81818181818182 94.54545454545455 0.0 0.0 0.0
5.842105263157895 127.63316958904437 5.0 37.81818181818182 94.54545454545455 0.0 0.0 0.0
6.605263157894737 126.88942859859172 5.0 37.81818181818182 94.54545454545455 0.0 0.0 0.0
7.36842105263158 121.82230840892896 5.0 37.81818181818182 94.54545454545455 0.0 0.0 0.0
8.131578947368421 119.13029575070813 5.0 37.81818181818182 94.54545454545455 0.0 0.0 0.0
8.894736842105264 126.22366681677721 5.0 37.81818181818182 94.54545454545455 0.0 0.0 0.0
9.657894736842106 124.64527795969106 5.0 37.81818181818182 94.54545454545455 0.0 0.0 0.0
10.421052631578949 127.4387633757559 5.0 37.81818181818182 94.54545454545455 0.0 0.0 0.0
11.18421052631579 128.16646693926987 5.0 37.81818181818182 94.54545454545455 0.0 0.0 0.0
11.947368421052632 126.47533035678211 5.0 37.81818181818182 94.54545454545455 0.0 0.0 0.0
12.710526315789474 128.34100531673363 5.0 37.81818181818182 94.54545454545455 0.0 0.0 0.0
13.473684210526317 126.74824018295126 5.0 37.81818181818182 94.54545454545455 0.0 0.0 0.0
14.23684210526316 127.65080017741046 5.0 37.81818181818182 94.54545454545455 0.0 0.0 0.0
15.0 123.94658627199641 5.0 37.81818181818182 94.54545454545455 0.0 0.0 0.0
