0.5 121.54568700612893 5.0 34.909090909090914 87.27272727272728 0.0 0.0 0.0
1.263157894736842 111.76205214888796 5.0 34.909090909090914 87.27272727272728 0.0 0.0 0.0
2.026315789473684 118.95512040473093 5.0 34.909090909090914 87.27272727272728 0.0 0.0 0.0
2.7894736842105265 115.37806069426769 5.0 34.909090909090914 87.27272727272728 0.0 0.0 0.0
3.5526315789473686 116.17966332614984 5.0 34.909090909090914 87.27272727272728 0.0 0.0 0.0
4.315789473684211 113.20494083152452 5.0 34.909090909090914 87.27272727272728 0.0 0.0 0.0
5.078947368421053 115.36026784656875 5.0 34.909090909090914 87.27272727272728 0.0 0.0 0.0
5.842105263157895 120.26377014773325 5.0 34.909090909090914 87.27272727272728 0.0 0.0 0.0
6.605263157894737 118.1116020895995 5.0 34.909090909090914 87.27272727272728 0.0 0.0 0.0
7.36842105263158 121.5605711798662 5.0 34.909090909090914 87.27272727272728 0.0 0.0 0.0
8.131578947368421 119.89587203056945 5.0 34.909090909090914 87.27272727272728 0.0 0.0 0.0
8.894736842105264 117.6808964004251 5.0 34.909090909090914 87.27272727272728 0.0 0.0 0.0
9.657894736842106 121.59543994213975 5.0 34.909090909090914 87.27272727272728 0.0 0.0 0.0
10.421052631578949 117.68061583985127 5.0 34.909090909090914 87.27272727272728 0.0 0.0 0.0
11.18421052631579 118.84760089402755 5.0 34.909090909090914 87.27272727272728 0.0 0.0 0.0
11.947368421052632 115.47392350303225 5.0 34.909090909090914 87.27272727272728 0.0 0.0 0.0
12.710526315789474 116.56327381121399 5.0 34.909090909090914 87.27272727272728 0.0 0.0 0.0
13.473684210526317 114.27136489373554 5.0 34.909090909090914 87.27272727272728 0.0 0.0 0.0
14.23684210526316 119.33238816742093 5.0 34.909090909090914 87.27272727272728 0.0 0.0 0.0
15.0 112.82872549429177 5.0 34.909090909090914 87.27272727272728 0.0 0.0 0.0
