0.5 147.66674673383167 5.0 44.36363636363636 110.9090909090909 0.0 0.0 0.0
1.263157894736842 148.881673264281 5.0 44.36363636363636 110.9090909090909 0.0 0.0 0.0
2.026315789473684 148.03221405444435 5.0 44.36363636363636 110.9090909090909 0.0 0.0 0.0
2.7894736842105265 145.58218204649873 5.0 44.36363636363636 110.9090909090909 0.0 0.0 0.0
3.5526315789473686 150.57934157084776 5.0 44.36363636363636 110.9090909090909 0.0 0.0 0.0
4.315789473684211 150.0970258956907 5.0 44.36363636363636 110.9090909090909 0.0 0.0 0.0
5.078947368421053 147.39984295652184 5.0 44.36363636363636 110.9090909090909 0.0 0.0 0.0
5.842105263157895 145.92003944479373 5.0 44.36363636363636 110.9090909090909 0.0 0.0 0.0
6.605263157894737 149.52407164127726 5.0 44.36363636363636 110.9090909090909 0.0 0.0 0.0
7.36842105263158 148.44270864124618 5.0 44.36363636363636 110.9090909090909 0.0 0.0 0.0
8.131578947368421 143.53440610054272 5.0 44.36363636363636 110.9090909090909 0.0 0.0 0.0
8.894736842105264 147.67484711083466 5.0 44.36363636363636 110.9090909090909 0.0 0.0 0.0
9.657894736842106 148.66489531501102 5.0 44.36363636363636 110.9090909090909 0.0 0.0 0.0
10.421052631578949 145.17970351932462 5.0 44.36363636363636 110.9090909090909 0.0 0.0 0.0
11.18421052631579 148.4483180573002 5.0 44.36363636363636 110.9090909090909 0.0 0.0 0.0
11.947368421052632 143.5143204230145 5.0 44.36363636363636 110.9090909090909 0.0 0.0 0.0
12.710526315789474 151.8873461788244 5.0 44.36363636363636 110.9090909090909 0.0 0.0 0.0
13.473684210526317 151.62263783396617 5.0 44.36363636363636 110.9090909090909 0.0 0.0 0.0
14.23684210526316 147.121235875879 5.0 44.36363636363636 110.9090909090909 0.0 0.0 0.0
15.0 148.9691508923051 5.0 44.36363636363636 110.9090909090909 0.0 0.0 0.0
