0.5 175.87020792234347 5.0 51.63636363636363 129.0909090909091 0.0 0.0 0.0
1.263157894736842 174.02732554979596 5.0 51.63636363636363 129.0909090909091 0.0 0.0 0.0
2.026315789473684 174.34125483012514 5.0 51.63636363636363 129.0909090909091 0.0 0.0 0.0
2.7894736842105265 174.03193097132876 5.0 51.63636363636363 129.0909090909091 0.0 0.0 0.0
3.5526315789473686 173.14358634521844 5.0 51.63636363636363 129.0909090909091 0.0 0.0 0.0
4.315789473684211 166.77037873206956 5.0 51.63636363636363 129.0909090909091 0.0 0.0 0.0
5.078947368421053 172.3720753534438 5.0 51.63636363636363 129.0909090909091 0.0 0.0 0.0
5.842105263157895 170.45263624466475 5.0 51.63636363636363 129.0909090909091 0.0 0.0 0.0
6.605263157894737 168.28168924829205 5.0 51.63636363636363 129.0909090909091 0.0 0.0 0.0
7.36842105263158 177.1666619791146 5.0 51.63636363636363 129.0909090909091 0.0 0.0 0.0
8.131578947368421 177.30819814386925 5.0 51.63636363636363 129.0909090909091 0.0 0.0 0.0
8.894736842105264 176.19887392209895 5.0 51.63636363636363 129.0909090909091 0.0 0.0 0.0
9.657894736842106 172.88685237177975 5.0 51.63636363636363 129.0909090909091 0.0 0.0 0.0
10.421052631578949 176.1730874840701 5.0 51.63636363636363 129.0909090909091 0.0 0.0 0.0
11.18421052631579 172.1573716630176 5.0 51.63636363636363 129.0909090909091 0.0 0.0 0.0
11.947368421052632 172.72960395190546 5.0 51.63636363636363 129.0909090909091 0.0 0.0 0.0
12.710526315789474 168.8407980098262 5.0 51.63636363636363 129.0909090909091 0.0 0.0 0.0
13.473684210526317 173.31218603470865 5.0 51.63636363636363 129.0909090909091 0.0 0.0 0.0
14.23684210526316 172.30236990648538 5.0 51.63636363636363 129.0909090909091 0.0 0.0 0.0
15.0 168.21325577070874 5.0 51.63636363636363 129.0909090909091 0.0 0.0 0.0
