0.5 174.39186321000477 5.0 52.36363636363637 130.90909090909093 0.0 0.0 0.0
1.263157894736842 174.30626585388413 5.0 52.36363636363637 130.90909090909093 0.0 0.0 0.0
2.026315789473684 179.93813804538848 5.0 52.36363636363637 130.90909090909093 0.0 0.0 0.0
2.7894736842105265 177.22809453099478 5.0 52.36363636363637 130.90909090909093 0.0 0.0 0.0
3.5526315789473686 174.57979086272897 5.0 52.36363636363637 130.90909090909093 0.0 0.0 0.0
4.315789473684211 175.2918164748578 5.0 52.36363636363637 130.90909090909093 0.0 0.0 0.0
5.078947368421053 174.67809167976716 5.0 52.36363636363637 130.90909090909093 0.0 0.0 0.0
5.842105263157895 173.93671259106793 5.0 52.36363636363637 130.90909090909093 0.0 0.0 0.0
6.605263157894737 171.2981729532897 5.0 52.36363636363637 130.90909090909093 0.0 0.0 0.0
7.36842105263158 174.09229891263377 5.0 52.36363636363637 130.90909090909093 0.0 0.0 0.0
8.131578947368421 172.307159775497 5.0 52.36363636363637 130.90909090909093 0.0 0.0 0.0
8.894736842105264 170.79450792868514 5.0 52.36363636363637 130.90909090909093 0.0 0.0 0.0
9.657894736842106 176.07911998909717 5.0 52.36363636363637 130.90909090909093 0.0 0.0 0.0
10.421052631578949 175.71924852525427 5.0 52.36363636363637 130.90909090909093 0.0 0.0 0.0
11.18421052631579 169.18533201135034 5.0 52.36363636363637 130.90909090909093 0.0 0.0 0.0
11.947368421052632 174.17740063296918 5.0 52.36363636363637 130.90909090909093 0.0 0.0 0.0
12.710526315789474 177.53255870315434 5.0 52.36363636363637 130.90909090909093 0.0 0.0 0.0
13.473684210526317 177.72312576214352 5.0 52.36363636363637 130.90909090909093 0.0 0.0 0.0
14.23684210526316 177.62296507411028 5.0 52.36363636363637 130.90909090909093 0.0 0.0 0.0
15.0 174.66219416615894 5.0 52.36363636363637 130.90909090909093 0.0 0.0 0.0
