0.5 153.82955788680593 5.0 46.54545454545455 116.36363636363637 0.0 0.0 0.0
1.263157894736842 155.24783817342797 5.0 46.54545454545455 116.36363636363637 0.0 0.0 0.0
2.026315789473684 155.95825549455097 5.0 46.54545454545455 116.36363636363637 0.0 0.0 0.0
2.7894736842105265 153.29251734912933 5.0 46.54545454545455 116.36363636363637 0.0 0.0 0.0
3.5526315789473686 156.56492403171495 5.0 46.54545454545455 116.36363636363637 0.0 0.0 0.0
4.315789473684211 153.551158110021 5.0 46.54545454545455 116.36363636363637 0.0 0.0 0.0
5.078947368421053 153.91660018486652 5.0 46.54545454545455 116.36363636363637 0.0 0.0 0.0
5.842105263157895 159.23944307092518 5.0 46.54545454545455 116.36363636363637 0.0 0.0 0.0
6.605263157894737 152.02975699397786 5.0 46.54545454545455 116.36363636363637 0.0 0.0 0.0
7.36842105263158 147.9131741587267 5.0 46.54545454545455 116.36363636363637 0.0 0.0 0.0
8.131578947368421 159.98432613655083 5.0 46.54545454545455 116.36363636363637 0.0 0.0 0.0
8.894736842105264 162.79949900933616 5.0 46.54545454545455 116.36363636363637 0.0 0.0 0.0
9.657894736842106 153.93570735516715 5.0 46.54545454545455 116.36363636363637 0.0 0.0 0.0
10.421052631578949 149.3410010296546 5.0 46.54545454545455 116.36363636363637 0.0 0.0 0.0
11.18421052631579 154.22006322292734 5.0 46.54545454545455 116.36363636363637 0.0 0.0 0.0
11.947368421052632 154.29284630199314 5.0 46.54545454545455 116.36363636363637 0.0 0.0 0.0
12.710526315789474 154.58174362844838 5.0 46.54545454545455 116.36363636363637 0.0 0.0 0.0
13.473684210526317 151.81135102574962 5.0 46.54545454545455 116.36363636363637 0.0 0.0 0.0
14.23684210526316 156.8901985789446 5.0 46.54545454545455 116.36363636363637 0.0 0.0 0.0
15.0 156.72503727737342 5.0 46.54545454545455 116.36363636363637 0.0 0.0 0.0
