0.5 172.70220588992422 5.0 50.90909090909091 127.27272727272727 0.0 0.0 0.0
1.263157894736842 173.2601449767555 5.0 50.90909090909091 127.27272727272727 0.0 0.0 0.0
2.026315789473684 166.63510063842966 5.0 50.90909090909091 127.27272727272727 0.0 0.0 0.0
2.7894736842105265 164.1174634773328 5.0 50.90909090909091 127.27272727272727 0.0 0.0 0.0
3.5526315789473686 169.9940741599913 5.0 50.90909090909091 127.27272727272727 0.0 0.0 0.0
4.315789473684211 172.48948437602127 5.0 50.90909090909091 127.27272727272727 0.0 0.0 0.0
5.078947368421053 175.08975326427264 5.0 50.90909090909091 127.27272727272727 0.0 0.0 0.0
5.842105263157895 171.24586241327404 5.0 50.90909090909091 127.27272727272727 0.0 0.0 0.0
6.605263157894737 168.5818196072126 5.0 50.90909090909091 127.27272727272727 0.0 0.0 0.0
7.36842105263158 167.0175778322151 5.0 50.90909090909091 127.27272727272727 0.0 0.0 0.0
8.131578947368421 169.73132357198165 5.0 50.90909090909091 127.27272727272727 0.0 0.0 0.0
8.894736842105264 168.79917558531392 5.0 50.90909090909091 127.27272727272727 0.0 0.0 0.0
9.657894736842106 166.65176597978325 5.0 50.90909090909091 127.27272727272727 0.0 0.0 0.0
10.421052631578949 175.84323664955954 5.0 50.90909090909091 127.27272727272727 0.0 0.0 0.0
11.18421052631579 175.0524749031861 5.0 50.90909090909091 127.27272727272727 0.0 0.0 0.0
11.947368421052632 173.10511574763598 5.0 50.90909090909091 127.27272727272727 0.0 0.0 0.0
12.710526315789474 166.9344185035423 5.0 50.90909090909091 127.27272727272727 0.0 0.0 0.0
13.473684210526317 172.26202766986154 5.0 50.90909090909091 127.27272727272727 0.0 0.0 0.0
14.23684210526316 171.61584892546338 5.0 50.90909090909091 127.27272727272727 0.0 0.0 0.0
15.0 171.02460656958183 5.0 50.90909090909091 127.27272727272727 0.0 0.0 0.0
