0.5 190.5614318692661 5.0 57.454545454545446 143.63636363636363 0.0 0.0 0.0
1.263157894736842 188.91413574618122 5.0 57.454545454545446 143.63636363636363 0.0 0.0 0.0
2.026315789473684 191.87282909853369 5.0 57.454545454545446 143.63636363636363 0.0 0.0 0.0
2.7894736842105265 189.80080385756128 5.0 57.454545454545446 143.63636363636363 0.0 0.0 0.0
3.5526315789473686 191.0166779893023 5.0 57.454545454545446 143.63636363636363 0.0 0.0 0.0
4.315789473684211 197.16167615576364 5.0 57.454545454545446 143.63636363636363 0.0 0.0 0.0
5.078947368421053 191.00599212589037 5.0 57.454545454545446 143.63636363636363 0.0 0.0 0.0
5.842105263157895 192.75652846672213 5.0 57.454545454545446 143.63636363636363 0.0 0.0 0.0
6.605263157894737 190.8183435253788 5.0 57.454545454545446 143.63636363636363 0.0 0.0 0.0
7.36842105263158 191.742291379022 5.0 57.454545454545446 143.63636363636363 0.0 0.0 0.0
8.131578947368421 191.53320155645972 5.0 57.454545454545446 143.63636363636363 0.0 0.0 0.0
8.894736842105264 192.86012371307098 5.0 57.454545454545446 143.63636363636363 0.0 0.0 0.0
9.657894736842106 195.01107412179303 5.0 57.454545454545446 143.63636363636363 0.0 0.0 0.0
10.421052631578949 196.4573335079615 5.0 57.454545454545446 143.63636363636363 0.0 0.0 0.0
11.18421052631579 192.444011760879 5.0 57.454545454545446 143.63636363636363 0.0 0.0 0.0
11.947368421052632 193.28379217325832 5.0 57.454545454545446 143.63636363636363 0.0 0.0 0.0
12.710526315789474 188.0625579875948 5.0 57.454545454545446 143.63636363636363 0.0 0.0 0.0
13.473684210526317 191.25152128790464 5.0 57.454545454545446 143.63636363636363 0.0 0.0 0.0
14.23684210526316 194.33601990980227 5.0 57.454545454545446 143.63636363636363 0.0 0.0 0.0
15.0 194.11305743040296 5.0 57.454545454545446 143.63636363636363 0.0 0.0 0.0
