0.5 223.33820319096776 5.0 65.45454545454545 163.63636363636363 0.0 0.0 0.0
1.263157894736842 211.22298600156452 5.0 65.45454545454545 163.63636363636363 0.0 0.0 0.0
2.026315789473684 212.17718094850215 5.0 65.45454545454545 163.63636363636363 0.0 0.0 0.0
2.7894736842105265 216.55230568864985 5.0 65.45454545454545 163.63636363636363 0.0 0.0 0.0
3.5526315789473686 218.2254018276309 5.0 65.45454545454545 163.63636363636363 0.0 0.0 0.0
4.315789473684211 220.25213145611022 5.0 65.45454545454545 163.63636363636363 0.0 0.0 0.0
5.078947368421053 219.60107977590062 5.0 65.45454545454545 163.63636363636363 0.0 0.0 0.0
5.842105263157895 217.02908044317647 5.0 65.45454545454545 163.63636363636363 0.0 0.0 0.0
6.605263157894737 221.23894926154347 5.0 65.45454545454545 163.63636363636363 0.0 0.0 0.0
7.36842105263158 221.27240439127638 5.0 65.45454545454545 163.63636363636363 0.0 0.0 0.0
8.131578947368421 218.7339916756329 5.0 65.45454545454545 163.63636363636363 0.0 0.0 0.0
8.894736842105264 221.0697908992787 5.0 65.45454545454545 163.63636363636363 0.0 0.0 0.0
9.657894736842106 218.99975397211458 5.0 65.45454545454545 163.63636363636363 0.0 0.0 0.0
10.421052631578949 216.49736910146953 5.0 65.45454545454545 163.63636363636363 0.0 0.0 0.0
11.18421052631579 220.2752686988182 5.0 65.45454545454545 163.63636363636363 0.0 0.0 0.0
11.947368421052632 218.5136575495542 5.0 65.45454545454545 163.63636363636363 0.0 0.0 0.0
12.710526315789474 218.18583772208166 5.0 65.45454545454545 163.63636363636363 0.0 0.0 0.0
13.473684210526317 222.60067889838692 5.0 65.45454545454545 163.63636363636363 0.0 0.0 0.0
14.23684210526316 210.82920179619794 5.0 65.45454545454545 163.63636363636363 0.0 0.0 0.0
15.0 213.92876567133948 5.0 65.45454545454545 163.63636363636363 0.0 0.0 0.0
