0.5 219.06883607783192 5.0 66.9090909090909 167.27272727272728 0.0 0.0 0.0
1.263157894736842 225.59436022070972 5.0 66.9090909090909 167.27272727272728 0.0 0.0 0.0
2.026315789473684 220.62966794049748 5.0 66.9090909090909 167.27272727272728 0.0 0.0 0.0
2.7894736842105265 224.92887677412494 5.0 66.9090909090909 167.27272727272728 0.0 0.0 0.0
3.5526315789473686 222.99838700044845 5.0 66.9090909090909 167.27272727272728 0.0 0.0 0.0
4.315789473684211 218.9011405330692 5.0 66.9090909090909 167.27272727272728 0.0 0.0 0.0
5.078947368421053 222.08170991655948 5.0 66.9090909090909 167.27272727272728 0.0 0.0 0.0
5.842105263157895 224.12639425649434 5.0 66.9090909090909 167.27272727272728 0.0 0.0 0.0
6.605263157894737 224.86919917172682 5.0 66.9090909090909 167.27272727272728 0.0 0.0 0.0
7.36842105263158 222.60733933796976 5.0 66.9090909090909 167.27272727272728 0.0 0.0 0.0
8.131578947368421 227.62563970210618 5.0 66.9090909090909 167.27272727272728 0.0 0.0 0.0
8.894736842105264 226.0528353432627 5.0 66.9090909090909 167.27272727272728 0.0 0.0 0.0
9.657894736842106 222.26034068110377 5.0 66.9090909090909 167.27272727272728 0.0 0.0 0.0
10.421052631578949 225.28066846671388 5.0 66.9090909090909 167.27272727272728 0.0 0.0 0.0
11.18421052631579 228.8316834858676 5.0 66.9090909090909 167.27272727272728 0.0 0.0 0.0
11.947368421052632 228.91175683265212 5.0 66.9090909090909 167.27272727272728 0.0 0.0 0.0
12.710526315789474 219.34630338783555 5.0 66.9090909090909 167.27272727272728 0.0 0.0 0.0
13.473684210526317 220.25070369683158 5.0 66.9090909090909 167.27272727272728 0.0 0.0 0.0
14.23684210526316 227.48505939050457 5.0 66.9090909090909 167.27272727272728 0.0 0.0 0.0
15.0 219.8554598777901 5.0 66.9090909090909 167.27272727272728 0.0 0.0 0.0
