0.5 201.03427327404341 5.0 60.36363636363636 150.9090909090909 0.0 0.0 0.0
1.263157894736842 199.02426040300023 5.0 60.36363636363636 150.9090909090909 0.0 0.0 0.0
2.026315789473684 199.96870201461365 5.0 60.36363636363636 150.9090909090909 0.0 0.0 0.0
2.7894736842105265 203.11385234532244 5.0 60.36363636363636 150.9090909090909 0.0 0.0 0.0
3.5526315789473686 201.22110108572107 5.0 60.36363636363636 150.9090909090909 0.0 0.0 0.0
4.315789473684211 202.23275114272624 5.0 60.36363636363636 150.9090909090909 0.0 0.0 0.0
5.078947368421053 203.22235893872778 5.0 60.36363636363636 150.9090909090909 0.0 0.0 0.0
5.842105263157895 200.08759682342838 5.0 60.36363636363636 150.9090909090909 0.0 0.0 0.0
6.605263157894737 203.48086570301064 5.0 60.36363636363636 150.9090909090909 0.0 0.0 0.0
7.36842105263158 202.3486490224964 5.0 60.36363636363636 150.9090909090909 0.0 0.0 0.0
8.131578947368421 197.5076819513868 5.0 60.36363636363636 150.9090909090909 0.0 0.0 0.0
8.894736842105264 205.53903558567995 5.0 60.36363636363636 150.9090909090909 0.0 0.0 0.0
9.657894736842106 199.70988698085046 5.0 60.36363636363636 150.9090909090909 0.0 0.0 0.0
10.421052631578949 196.24683518256566 5.0 60.36363636363636 150.9090909090909 0.0 0.0 0.0
11.18421052631579 198.07699008336232 5.0 60.36363636363636 150.9090909090909 0.0 0.0 0.0
11.947368421052632 198.14898573008625 5.0 60.36363636363636 150.9090909090909 0.0 0.0 0.0
12.710526315789474 201.36864116809383 5.0 60.36363636363636 150.9090909090909 0.0 0.0 0.0
13.473684210526317 200.3905696954825 5.0 60.36363636363636 150.9090909090909 0.0 0.0 0.0
14.23684210526316 200.20162530919944 5.0 60.36363636363636 150.9090909090909 0.0 0.0 0.0
15.0 203.07122710856865 5.0 60.36363636363636 150.9090909090909 0.0 0.0 0.0
