0.5 250.95082900245933 5.0 74.18181818181819 185.45454545454547 0.0 0.0 0.0
1.263157894736842 238.67156241137906 5.0 74.18181818181819 185.45454545454547 0.0 0.0 0.0
2.026315789473684 246.32041160821424 5.0 74.18181818181819 185.45454545454547 0.0 0.0 0.0
2.7894736842105265 246.77877419009542 5.0 74.18181818181819 185.45454545454547 0.0 0.0 0.0
3.5526315789473686 242.01643155454636 5.0 74.18181818181819 185.45454545454547 0.0 0.0 0.0
4.315789473684211 247.5552764474242 5.0 74.18181818181819 185.45454545454547 0.0 0.0 0.0
5.078947368421053 251.0190005899588 5.0 74.18181818181819 185.45454545454547 0.0 0.0 0.0
5.842105263157895 244.01302369395552 5.0 74.18181818181819 185.45454545454547 0.0 0.0 0.0
6.605263157894737 248.28193008879688 5.0 74.18181818181819 185.45454545454547 0.0 0.0 0.0
7.36842105263158 244.52525684083795 5.0 74.18181818181819 185.45454545454547 0.0 0.0 0.0
8.131578947368421 245.25699120168824 5.0 74.18181818181819 185.45454545454547 0.0 0.0 0.0
8.894736842105264 251.7049081752374 5.0 74.18181818181819 185.45454545454547 0.0 0.0 0.0
9.657894736842106 245.6450538123918 5.0 74.18181818181819 185.45454545454547 0.0 0.0 0.0
10.421052631578949 248.65936473975916 5.0 74.18181818181819 185.45454545454547 0.0 0.0 0.0
11.18421052631579 241.65907292454432 5.0 74.18181818181819 185.45454545454547 0.0 0.0 0.0
11.947368421052632 252.85967995691192 5.0 74.18181818181819 185.45454545454547 0.0 0.0 0.0
12.710526315789474 249.08068461164677 5.0 74.18181818181819 185.45454545454547 0.0 0.0 0.0
13.473684210526317 246.7252277447765 5.0 74.18181818181819 185.45454545454547 0.0 0.0 0.0
14.23684210526316 248.99936680272697 5.0 74.18181818181819 185.45454545454547 0.0 0.0 0.0
15.0 243.04326898588386 5.0 74.18181818181819 185.45454545454547 0.0 0.0 0.0
