0.5 235.72528172469617 5.0 69.81818181818181 174.54545454545453 0.0 0.0 0.0
1.263157894736842 233.01951296614607 5.0 69.81818181818181 174.54545454545453 0.0 0.0 0.0
2.026315789473684 235.11460675650542 5.0 69.81818181818181 174.54545454545453 0.0 0.0 0.0
2.7894736842105265 231.38579975528287 5.0 69.81818181818181 174.54545454545453 0.0 0.0 0.0
3.5526315789473686 232.57859621461796 5.0 69.81818181818181 174.54545454545453 0.0 0.0 0.0
4.315789473684211 232.38077608937593 5.0 69.81818181818181 174.54545454545453 0.0 0.0 0.0
5.078947368421053 230.21910138273535 5.0 69.81818181818181 174.54545454545453 0.0 0.0 0.0
5.842105263157895 234.71351733101798 5.0 69.81818181818181 174.54545454545453 0.0 0.0 0.0
6.605263157894737 234.6780197440078 5.0 69.81818181818181 174.54545454545453 0.0 0.0 0.0
7.36842105263158 234.50793681198942 5.0 69.81818181818181 174.54545454545453 0.0 0.0 0.0
8.131578947368421 237.33816968902565 5.0 69.81818181818181 174.54545454545453 0.0 0.0 0.0
8.894736842105264 237.07530713098163 5.0 69.81818181818181 174.54545454545453 0.0 0.0 0.0
9.657894736842106 231.60243865772532 5.0 69.81818181818181 174.54545454545453 0.0 0.0 0.0
10.421052631578949 233.84642968257526 5.0 69.81818181818181 174.54545454545453 0.0 0.0 0.0
11.18421052631579 230.8564706594981 5.0 69.81818181818181 174.54545454545453 0.0 0.0 0.0
11.947368421052632 232.79733867561637 5.0 69.81818181818181 174.54545454545453 0.0 0.0 0.0
12.710526315789474 230.92802437991614 5.0 69.81818181818181 174.54545454545453 0.0 0.0 0.0
13.473684210526317 237.58748365468088 5.0 69.81818181818181 174.54545454545453 0.0 0.0 0.0
14.23684210526316 233.8183671783016 5.0 69.81818181818181 174.54545454545453 0.0 0.0 0.0
15.0 232.07318534295945 5.0 69.81818181818181 174.54545454545453 0.0 0.0 0.0
