0.5 238.73237086708428 5.0 70.54545454545455 176.36363636363637 0.0 0.0 0.0
1.263157894736842 228.63966892212892 5.0 70.54545454545455 176.36363636363637 0.0 0.0 0.0
2.026315789473684 229.1092073669193 5.0 70.54545454545455 176.36363636363637 0.0 0.0 0.0
2.7894736842105265 237.5390311171745 5.0 70.54545454545455 176.36363636363637 0.0 0.0 0.0
3.5526315789473686 235.33292049586726 5.0 70.54545454545455 176.36363636363637 0.0 0.0 0.0
4.315789473684211 235.90285405229744 5.0 70.54545454545455 176.36363636363637 0.0 0.0 0.0
5.078947368421053 231.1723268415595 5.0 70.54545454545455 176.36363636363637 0.0 0.0 0.0
5.842105263157895 235.08181401896405 5.0 70.54545454545455 176.36363636363637 0.0 0.0 0.0
6.605263157894737 241.1620433827192 5.0 70.54545454545455 176.36363636363637 0.0 0.0 0.0
7.36842105263158 237.62411401090276 5.0 70.54545454545455 176.36363636363637 0.0 0.0 0.0
8.131578947368421 235.6606347869436 5.0 70.54545454545455 176.36363636363637 0.0 0.0 0.0
8.894736842105264 233.83435342120035 5.0 70.54545454545455 176.36363636363637 0.0 0.0 0.0
9.657894736842106 233.96779659590698 5.0 70.54545454545455 176.36363636363637 0.0 0.0 0.0
10.421052631578949 228.7639214839151 5.0 70.54545454545455 176.36363636363637 0.0 0.0 0.0
11.18421052631579 235.92443641427863 5.0 70.54545454545455 176.36363636363637 0.0 0.0 0.0
11.947368421052632 237.68796447696073 5.0 70.54545454545455 176.36363636363637 0.0 0.0 0.0
12.710526315789474 230.42465717000331 5.0 70.54545454545455 176.36363636363637 0.0 0.0 0.0
13.473684210526317 233.1672644745947 5.0 70.54545454545455 176.36363636363637 0.0 0.0 0.0
14.23684210526316 231.6791212548149 5.0 70.54545454545455 176.36363636363637 0.0 0.0 0.0
15.0 232.25546156708887 5.0 70.54545454545455 176.36363636363637 0.0 0.0 0.0
