0.5 260.1192970714388 5.0 78.54545454545455 196.36363636363637 0.0 0.0 0.0
1.263157894736842 259.9443715935363 5.0 78.54545454545455 196.36363636363637 0.0 0.0 0.0
2.026315789473684 265.7936220048063 5.0 78.54545454545455 196.36363636363637 0.0 0.0 0.0
2.7894736842105265 262.80905165503157 5.0 78.54545454545455 196.36363636363637 0.0 0.0 0.0
3.5526315789473686 261.1829804105486 5.0 78.54545454545455 196.36363636363637 0.0 0.0 0.0
4.315789473684211 263.31434014139097 5.0 78.54545454545455 196.36363636363637 0.0 0.0 0.0
5.078947368421053 255.49660477619275 5.0 78.54545454545455 196.36363636363637 0.0 0.0 0.0
5.842105263157895 261.6887810492591 5.0 78.54545454545455 196.36363636363637 0.0 0.0 0.0
6.605263157894737 267.8107243515961 5.0 78.54545454545455 196.36363636363637 0.0 0.0 0.0
7.36842105263158 262.21522133738983 5.0 78.54545454545455 196.36363636363637 0.0 0.0 0.0
8.131578947368421 262.02192132568985 5.0 78.54545454545455 196.36363636363637 0.0 0.0 0.0
8.894736842105264 263.4625669571084 5.0 78.54545454545455 196.36363636363637 0.0 0.0 0.0
9.657894736842106 264.50499754812483 5.0 78.54545454545455 196.36363636363637 0.0 0.0 0.0
10.421052631578949 255.82578173951222 5.0 78.54545454545455 196.36363636363637 0.0 0.0 0.0
11.18421052631579 256.7712023728087 5.0 78.54545454545455 196.36363636363637 0.0 0.0 0.0
11.947368421052632 262.44905569144026 5.0 78.54545454545455 196.36363636363637 0.0 0.0 0.0
12.710526315789474 259.6735521324893 5.0 78.54545454545455 196.36363636363637 0.0 0.0 0.0
13.473684210526317 265.75425760484154 5.0 78.54545454545455 196.36363636363637 0.0 0.0 0.0
14.23684210526316 260.87265864852617 5.0 78.54545454545455 196.36363636363637 0.0 0.0 0.0
15.0 256.0145896110425 5.0 78.54545454545455 196.36363636363637 0.0 0.0 0.0
