0.5 260.74387441797904 5.0 77.81818181818181 194.54545454545453 0.0 0.0 0.0
1.263157894736842 261.08387861448864 5.0 77.81818181818181 194.54545454545453 0.0 0.0 0.0
2.026315789473684 259.737692705011 5.0 77.81818181818181 194.54545454545453 0.0 0.0 0.0
2.7894736842105265 260.3837700099112 5.0 77.81818181818181 194.54545454545453 0.0 0.0 0.0
3.5526315789473686 261.726767984775 5.0 77.81818181818181 194.54545454545453 0.0 0.0 0.0
4.315789473684211 256.9654804372611 5.0 77.81818181818181 194.54545454545453 0.0 0.0 0.0
5.078947368421053 262.028115130664 5.0 77.81818181818181 194.54545454545453 0.0 0.0 0.0
5.842105263157895 255.27493034328276 5.0 77.81818181818181 194.54545454545453 0.0 0.0 0.0
6.605263157894737 260.37904331243396 5.0 77.81818181818181 194.54545454545453 0.0 0.0 0.0
7.36842105263158 259.9301622837984 5.0 77.81818181818181 194.54545454545453 0.0 0.0 0.0
8.131578947368421 257.54506012936304 5.0 77.81818181818181 194.54545454545453 0.0 0.0 0.0
8.894736842105264 259.3258835679624 5.0 77.81818181818181 194.54545454545453 0.0 0.0 0.0
9.657894736842106 257.5263189359427 5.0 77.81818181818181 194.54545454545453 0.0 0.0 0.0
10.421052631578949 256.17883541335414 5.0 77.81818181818181 194.54545454545453 0.0 0.0 0.0
11.18421052631579 258.33309516909844 5.0 77.81818181818181 194.54545454545453 0.0 0.0 0.0
11.947368421052632 256.08197348782437 5.0 77.81818181818181 194.54545454545453 0.0 0.0 0.0
12.710526315789474 260.3623317862191 5.0 77.81818181818181 194.54545454545453 0.0 0.0 0.0
13.473684210526317 255.94368291148228 5.0 77.81818181818181 194.54545454545453 0.0 0.0 0.0
14.23684210526316 261.5298704629125 5.0 77.81818181818181 194.54545454545453 0.0 0.0 0.0
15.0 255.84950219015292 5.0 77.81818181818181 194.54545454545453 0.0 0.0 0.0
