0.5 267.91478970329695 5.0 80.72727272727273 201.81818181818184 0.0 0.0 0.0
1.263157894736842 269.51068202702646 5.0 80.72727272727273 201.81818181818184 0.0 0.0 0.0
2.026315789473684 266.6411837685424 5.0 80.72727272727273 201.81818181818184 0.0 0.0 0.0
2.7894736842105265 265.6504128444068 5.0 80.72727272727273 201.81818181818184 0.0 0.0 0.0
3.5526315789473686 266.27024546413196 5.0 80.72727272727273 201.81818181818184 0.0 0.0 0.0
4.315789473684211 267.18646959899473 5.0 80.72727272727273 201.81818181818184 0.0 0.0 0.0
5.078947368421053 265.6004876915323 5.0 80.72727272727273 201.81818181818184 0.0 0.0 0.0
5.842105263157895 269.5770877680977 5.0 80.72727272727273 201.81818181818184 0.0 0.0 0.0
6.605263157894737 271.28005611226024 5.0 80.72727272727273 201.81818181818184 0.0 0.0 0.0
7.36842105263158 264.32961418851437 5.0 80.72727272727273 201.81818181818184 0.0 0.0 0.0
8.131578947368421 269.16629522455725 5.0 80.72727272727273 201.81818181818184 0.0 0.0 0.0
8.894736842105264 268.4311017051101 5.0 80.72727272727273 201.81818181818184 0.0 0.0 0.0
9.657894736842106 270.1154351475195 5.0 80.72727272727273 201.81818181818184 0.0 0.0 0.0
10.421052631578949 269.05209278659834 5.0 80.72727272727273 201.81818181818184 0.0 0.0 0.0
11.18421052631579 264.73011125111424 5.0 80.72727272727273 201.81818181818184 0.0 0.0 0.0
11.947368421052632 265.30374119433765 5.0 80.72727272727273 201.81818181818184 0.0 0.0 0.0
12.710526315789474 269.179179817664 5.0 80.72727272727273 201.81818181818184 0.0 0.0 0.0
13.473684210526317 272.17725185014564 5.0 80.72727272727273 201.81818181818184 0.0 0.0 0.0
14.23684210526316 262.4483469777801 5.0 80.72727272727273 201.81818181818184 0.0 0.0 0.0
15.0 270.12808883031386 5.0 80.72727272727273 201.81818181818184 0.0 0.0 0.0
