0.5 273.7745893407852 5.0 82.18181818181817 205.45454545454544 0.0 0.0 0.0
1.263157894736842 277.3374634009527 5.0 82.18181818181817 205.45454545454544 0.0 0.0 0.0
2.026315789473684 277.73301336740803 5.0 82.18181818181817 205.45454545454544 0.0 0.0 0.0
2.7894736842105265 269.6741029913602 5.0 82.18181818181817 205.45454545454544 0.0 0.0 0.0
3.5526315789473686 273.00232761442635 5.0 82.18181818181817 205.45454545454544 0.0 0.0 0.0
4.315789473684211 278.0137572269957 5.0 82.18181818181817 205.45454545454544 0.0 0.0 0.0
5.078947368421053 275.4636312549911 5.0 82.18181818181817 205.45454545454544 0.0 0.0 0.0
5.842105263157895 274.52518303383323 5.0 82.18181818181817 205.45454545454544 0.0 0.0 0.0
6.605263157894737 273.28633985909 5.0 82.18181818181817 205.45454545454544 0.0 0.0 0.0
7.36842105263158 272.7879911622707 5.0 82.18181818181817 205.45454545454544 0.0 0.0 0.0
8.131578947368421 274.8040511286649 5.0 82.18181818181817 205.45454545454544 0.0 0.0 0.0
8.894736842105264 273.1822715644405 5.0 82.18181818181817 205.45454545454544 0.0 0.0 0.0
9.657894736842106 273.8116580762606 5.0 82.18181818181817 205.45454545454544 0.0 0.0 0.0
10.421052631578949 274.17519005773903 5.0 82.18181818181817 205.45454545454544 0.0 0.0 0.0
11.18421052631579 271.90517935391347 5.0 82.18181818181817 205.45454545454544 0.0 0.0 0.0
11.947368421052632 275.5357820610383 5.0 82.18181818181817 205.45454545454544 0.0 0.0 0.0
12.710526315789474 282.6821278846402 5.0 82.18181818181817 205.45454545454544 0.0 0.0 0.0
13.473684210526317 268.6084340214157 5.0 82.18181818181817 205.45454545454544 0.0 0.0 0.0
14.23684210526316 274.9114315119639 5.0 82.18181818181817 205.45454545454544 0.0 0.0 0.0
15.0 271.6588236735372 5.0 82.18181818181817 205.45454545454544 0.0 0.0 0.0
