0.5 288.372976610843 5.0 84.36363636363637 210.90909090909093 0.0 0.0 0.0
1.263157894736842 277.9117145509483 5.0 84.36363636363637 210.90909090909093 0.0 0.0 0.0
2.026315789473684 280.90413493899933 5.0 84.36363636363637 210.90909090909093 0.0 0.0 0.0
2.7894736842105265 286.60698431489044 5.0 84.36363636363637 210.90909090909093 0.0 0.0 0.0
3.5526315789473686 284.7862901329955 5.0 84.36363636363637 210.90909090909093 0.0 0.0 0.0
4.315789473684211 279.1234850573816 5.0 84.36363636363637 210.90909090909093 0.0 0.0 0.0
5.078947368421053 281.88402349724157 5.0 84.36363636363637 210.90909090909093 0.0 0.0 0.0
5.842105263157895 281.2181192813665 5.0 84.36363636363637 210.90909090909093 0.0 0.0 0.0
6.605263157894737 282.0579888143037 5.0 84.36363636363637 210.90909090909093 0.0 0.0 0.0
7.36842105263158 279.1160799041668 5.0 84.36363636363637 210.90909090909093 0.0 0.0 0.0
8.131578947368421 280.94416000401907 5.0 84.36363636363637 210.90909090909093 0.0 0.0 0.0
8.894736842105264 276.4179640862911 5.0 84.36363636363637 210.90909090909093 0.0 0.0 0.0
9.657894736842106 281.6174915677255 5.0 84.36363636363637 210.90909090909093 0.0 0.0 0.0
10.421052631578949 282.56218323238676 5.0 84.36363636363637 210.90909090909093 0.0 0.0 0.0
11.18421052631579 280.5298629741896 5.0 84.36363636363637 210.90909090909093 0.0 0.0 0.0
11.947368421052632 276.3669685403669 5.0 84.36363636363637 210.90909090909093 0.0 0.0 0.0
12.710526315789474 284.1777168006756 5.0 84.36363636363637 210.90909090909093 0.0 0.0 0.0
13.473684210526317 282.3056963260997 5.0 84.36363636363637 210.90909090909093 0.0 0.0 0.0
14.23684210526316 279.03407591901833 5.0 84.36363636363637 210.90909090909093 0.0 0.0 0.0
15.0 280.3703198716071 5.0 84.36363636363637 210.90909090909093 0.0 0.0 0.0
