0.5 307.42139963805965 5.0 91.63636363636364 229.09090909090912 0.0 0.0 0.0
1.263157894736842 302.2007135872368 5.0 91.63636363636364 229.09090909090912 0.0 0.0 0.0
2.026315789473684 309.69208466442853 5.0 91.63636363636364 229.09090909090912 0.0 0.0 0.0
2.7894736842105265 308.5268419740686 5.0 91.63636363636364 229.09090909090912 0.0 0.0 0.0
3.5526315789473686 306.3242018823007 5.0 91.63636363636364 229.09090909090912 0.0 0.0 0.0
4.315789473684211 305.92624398485407 5.0 91.63636363636364 229.09090909090912 0.0 0.0 0.0
5.078947368421053 304.82744868646324 5.0 91.63636363636364 229.09090909090912 0.0 0.0 0.0
5.842105263157895 307.4901173087456 5.0 91.63636363636364 229.09090909090912 0.0 0.0 0.0
6.605263157894737 304.3422109461593 5.0 91.63636363636364 229.09090909090912 0.0 0.0 0.0
7.36842105263158 306.1612550664652 5.0 91.63636363636364 229.09090909090912 0.0 0.0 0.0
8.131578947368421 308.0703485541039 5.0 91.63636363636364 229.09090909090912 0.0 0.0 0.0
8.894736842105264 303.76912582396875 5.0 91.63636363636364 229.09090909090912 0.0 0.0 0.0
9.657894736842106 303.6059672345734 5.0 91.63636363636364 229.09090909090912 0.0 0.0 0.0
10.421052631578949 301.8714490123721 5.0 91.63636363636364 229.09090909090912 0.0 0.0 0.0
11.18421052631579 302.261127216167 5.0 91.63636363636364 229.09090909090912 0.0 0.0 0.0
11.947368421052632 299.96935952022096 5.0 91.63636363636364 229.09090909090912 0.0 0.0 0.0
12.710526315789474 307.6440318215921 5.0 91.63636363636364 229.09090909090912 0.0 0.0 0.0
13.473684210526317 310.8812890807938 5.0 91.63636363636364 229.09090909090912 0.0 0.0 0.0
14.23684210526316 309.73053228495644 5.0 91.63636363636364 229.09090909090912 0.0 0.0 0.0
15.0 300.57629198866596 5.0 91.63636363636364 229.09090909090912 0.0 0.0 0.0
