# SPARC rotation curve data (sample)
# R[kpc] Vobs[km/s] errV[km/s] Vgas[km/s] Vdisk[km/s] Vbul[km/s]
0.3000  7.3527  4.0000  1.9539  4.9174  0.0000
0.7875  17.6407  4.0000  4.9958  12.2066  0.0000
1.2750  27.8320  4.0000  7.7309  18.1093  0.0000
1.7625  36.1592  4.0000  10.0847  22.6347  0.0000
2.2500  41.7789  4.0000  12.0616  26.0686  0.0000
2.7375  47.8076  4.0000  13.7062  28.7032  0.0000
3.2250  51.3512  4.0000  15.0744  30.7625  0.0000
3.7125  54.9102  4.0000  16.2184  32.4041  0.0000
4.2000  57.5158  4.0000  17.1825  33.7376  0.0000
4.6875  61.3272  4.0000  18.0020  34.8390  0.0000
5.1750  62.1906  4.0000  18.7049  35.7623  0.0000
5.6625  63.2633  4.0000  19.3129  36.5465  0.0000
6.1500  65.8618  4.0000  19.8430  37.2202  0.0000
6.6375  65.9194  4.0000  20.3088  37.8048  0.0000
7.1250  67.9067  4.0000  20.7208  38.3166  0.0000
7.6125  67.6065  4.0000  21.0876  38.7683  0.0000
8.1000  68.8782  4.0000  21.4161  39.1697  0.0000
8.5875  70.5942  4.0000  21.7117  39.5288  0.0000
9.0750  71.6417  4.0000  21.9792  39.8518  0.0000
9.5625  71.9562  4.0000  22.2222  40.1438  0.0000
10.0500  72.3801  4.0000  22.4439  40.4092  0.0000
10.5375  72.8138  4.0000  22.6470  40.6512  0.0000
11.0250  72.6073  4.0000  22.8337  40.8730  0.0000
11.5125  73.5228  4.0000  23.0059  41.0769  0.0000
12.0000  74.1035  4.0000  23.1651  41.2649  0.0000
