# SPARC rotation curve data (sample)
# R[kpc] Vobs[km/s] errV[km/s] Vgas[km/s] Vdisk[km/s] Vbul[km/s]
0.3000  9.3028  4.5000  2.0092  6.2523  0.0000
0.7579  21.0508  4.5000  4.9285  14.8443  0.0000
1.2158  30.0512  4.5000  7.5256  21.6773  0.0000
1.6737  39.9023  4.5000  9.7350  26.8365  0.0000
2.1316  46.1337  4.5000  11.5712  30.7094  0.0000
2.5895  51.2718  4.5000  13.0856  33.6594  0.0000
3.0474  56.4242  4.5000  14.3367  35.9540  0.0000
3.5053  60.1903  4.5000  15.3774  37.7773  0.0000
3.9632  62.9955  4.5000  16.2507  39.2547  0.0000
4.4211  64.2012  4.5000  16.9907  40.4731  0.0000
4.8789  66.5903  4.5000  17.6237  41.4932  0.0000
5.3368  68.7608  4.5000  18.1702  42.3587  0.0000
5.7947  70.6981  4.5000  18.6460  43.1017  0.0000
6.2526  71.0264  4.5000  19.0634  43.7461  0.0000
6.7105  72.3765  4.5000  19.4322  44.3101  0.0000
7.1684  72.7753  4.5000  19.7603  44.8076  0.0000
7.6263  73.6242  4.5000  20.0538  45.2496  0.0000
8.0842  75.7958  4.5000  20.3179  45.6449  0.0000
8.5421  76.8982  4.5000  20.5566  46.0004  0.0000
9.0000  76.6005  4.5000  20.7734  46.3218  0.0000
