# SPARC rotation curve data (sample)
# R[kpc] Vobs[km/s] errV[km/s] Vgas[km/s] Vdisk[km/s] Vbul[km/s]
0.3000  9.1601  8.0000  1.2975  8.7455  0.0000
1.0375  34.3452  8.0000  4.4311  29.4211  0.0000
1.7750  54.6506  8.0000  7.3929  47.7805  0.0000
2.5125  72.3457  8.0000  10.1019  63.2091  0.0000
3.2500  89.2051  8.0000  12.5208  75.8209  0.0000
3.9875  104.8302  8.0000  14.6478  86.0484  0.0000
4.7250  114.9339  8.0000  16.5025  94.3699  0.0000
5.4625  126.0570  8.0000  18.1151  101.2005  0.0000
6.2000  134.3476  8.0000  19.5179  106.8691  0.0000
6.9375  140.7851  8.0000  20.7416  111.6273  0.0000
7.6750  150.4128  8.0000  21.8134  115.6656  0.0000
8.4125  154.0504  8.0000  22.7566  119.1284  0.0000
9.1500  155.6276  8.0000  23.5908  122.1258  0.0000
9.8875  162.4816  8.0000  24.3325  124.7428  0.0000
10.6250  165.1871  8.0000  24.9951  127.0454  0.0000
11.3625  170.3246  8.0000  25.5899  129.0858  0.0000
12.1000  171.3279  8.0000  26.1264  130.9054  0.0000
12.8375  174.8244  8.0000  26.6122  132.5376  0.0000
13.5750  177.9975  8.0000  27.0541  134.0095  0.0000
14.3125  180.6396  8.0000  27.4574  135.3432  0.0000
15.0500  180.1774  8.0000  27.8269  136.5571  0.0000
15.7875  183.0648  8.0000  28.1666  137.6664  0.0000
16.5250  184.5961  8.0000  28.4797  138.6839  0.0000
17.2625  185.9501  8.0000  28.7693  139.6205  0.0000
18.0000  190.3035  8.0000  29.0379  140.4854  0.0000
