# SPARC rotation curve data (sample)
# R[kpc] Vobs[km/s] errV[km/s] Vgas[km/s] Vdisk[km/s] Vbul[km/s]
0.3000  13.4957  5.0000  2.6340  10.2678  0.0000
0.7619  31.3343  5.0000  6.4151  23.9217  0.0000
1.2238  46.6596  5.0000  9.6311  34.0014  0.0000
1.6857  58.5633  5.0000  12.2300  41.1244  0.0000
2.1476  65.7579  5.0000  14.2912  46.2215  0.0000
2.6095  72.2798  5.0000  15.9271  49.9783  0.0000
3.0714  78.7336  5.0000  17.2384  52.8346  0.0000
3.5333  82.1841  5.0000  18.3038  55.0675  0.0000
3.9952  84.5531  5.0000  19.1817  56.8554  0.0000
4.4571  88.0350  5.0000  19.9149  58.3166  0.0000
4.9190  89.5631  5.0000  20.5350  59.5315  0.0000
5.3810  91.5001  5.0000  21.0654  60.5567  0.0000
5.8429  93.6966  5.0000  21.5236  61.4329  0.0000
6.3048  93.5257  5.0000  21.9231  62.1900  0.0000
6.7667  94.9326  5.0000  22.2743  62.8506  0.0000
7.2286  96.9217  5.0000  22.5852  63.4318  0.0000
7.6905  97.5767  5.0000  22.8624  63.9471  0.0000
8.1524  99.4601  5.0000  23.1109  64.4071  0.0000
8.6143  99.3424  5.0000  23.3349  64.8200  0.0000
9.0762  99.6867  5.0000  23.5379  65.1929  0.0000
9.5381  102.5017  5.0000  23.7226  65.5311  0.0000
10.0000  101.8321  5.0000  23.8914  65.8393  0.0000
