# SPARC rotation curve data (sample)
# R[kpc] Vobs[km/s] errV[km/s] Vgas[km/s] Vdisk[km/s] Vbul[km/s]
0.3000  9.8712  6.0000  1.7960  7.0455  0.0000
1.0483  30.2842  6.0000  6.0784  23.0085  0.0000
1.7966  46.8120  6.0000  9.8161  35.2512  0.0000
2.5448  61.2601  6.0000  12.8898  44.0271  0.0000
3.2931  72.6433  6.0000  15.3518  50.3191  0.0000
4.0414  79.1504  6.0000  17.3150  54.9440  0.0000
4.7897  86.7740  6.0000  18.8913  58.4458  0.0000
5.5379  87.9262  6.0000  20.1720  61.1720  0.0000
6.2862  95.0086  6.0000  21.2265  63.3465  0.0000
7.0345  97.6310  6.0000  22.1062  65.1173  0.0000
7.7828  100.0303  6.0000  22.8492  66.5852  0.0000
8.5310  102.7101  6.0000  23.4837  67.8205  0.0000
9.2793  102.8352  6.0000  24.0312  68.8738  0.0000
10.0276  106.1560  6.0000  24.5079  69.7820  0.0000
10.7759  108.1872  6.0000  24.9265  70.5729  0.0000
11.5241  110.5286  6.0000  25.2967  71.2677  0.0000
12.2724  109.9151  6.0000  25.6263  71.8828  0.0000
13.0207  110.7109  6.0000  25.9215  72.4310  0.0000
13.7690  111.9368  6.0000  26.1875  72.9226  0.0000
14.5172  114.0704  6.0000  26.4282  73.3660  0.0000
15.2655  114.3214  6.0000  26.6471  73.7678  0.0000
16.0138  114.2589  6.0000  26.8469  74.1336  0.0000
16.7621  115.8477  6.0000  27.0301  74.4681  0.0000
17.5103  116.0704  6.0000  27.1986  74.7750  0.0000
18.2586  117.4054  6.0000  27.3542  75.0577  0.0000
19.0069  116.4110  6.0000  27.4981  75.3188  0.0000
19.7552  117.2201  6.0000  27.6318  75.5608  0.0000
20.5034  117.6013  6.0000  27.7561  75.7857  0.0000
21.2517  117.0464  6.0000  27.8722  75.9952  0.0000
22.0000  119.0127  6.0000  27.9807  76.1909  0.0000
