# SPARC rotation curve data (sample)
# R[kpc] Vobs[km/s] errV[km/s] Vgas[km/s] Vdisk[km/s] Vbul[km/s]
0.3000  8.9085  7.0000  1.4404  7.2731  0.0000
1.4000  38.0623  7.0000  6.4538  31.1629  0.0000
2.5000  60.9261  7.0000  10.6463  48.1793  0.0000
3.6000  76.4492  7.0000  13.8975  59.4540  0.0000
4.7000  89.5563  7.0000  16.3629  67.0834  0.0000
5.8000  98.5062  7.0000  18.2437  72.4743  0.0000
6.9000  104.7305  7.0000  19.7032  76.4465  0.0000
8.0000  110.6166  7.0000  20.8587  79.4795  0.0000
9.1000  115.3617  7.0000  21.7911  81.8644  0.0000
10.2000  120.2937  7.0000  22.5570  83.7855  0.0000
11.3000  121.2909  7.0000  23.1958  85.3645  0.0000
12.4000  123.7267  7.0000  23.7359  86.6843  0.0000
13.5000  125.3785  7.0000  24.1982  87.8034  0.0000
14.6000  125.1651  7.0000  24.5980  88.7639  0.0000
15.7000  128.6513  7.0000  24.9470  89.5972  0.0000
16.8000  130.0585  7.0000  25.2541  90.3268  0.0000
17.9000  133.7458  7.0000  25.5265  90.9708  0.0000
19.0000  131.9944  7.0000  25.7695  91.5434  0.0000
20.1000  133.4425  7.0000  25.9878  92.0558  0.0000
21.2000  133.9271  7.0000  26.1848  92.5170  0.0000
22.3000  133.4953  7.0000  26.3634  92.9343  0.0000
23.4000  136.6129  7.0000  26.5262  93.3136  0.0000
24.5000  136.8336  7.0000  26.6752  93.6599  0.0000
25.6000  137.4536  7.0000  26.8119  93.9773  0.0000
26.7000  136.2011  7.0000  26.9379  94.2693  0.0000
27.8000  139.1211  7.0000  27.0543  94.5388  0.0000
28.9000  136.6323  7.0000  27.1623  94.7883  0.0000
30.0000  139.1440  7.0000  27.2627  95.0199  0.0000
