# SPARC rotation curve data (sample)
# R[kpc] Vobs[km/s] errV[km/s] Vgas[km/s] Vdisk[km/s] Vbul[km/s]
0.3000  13.1901  5.5000  2.5793  10.0664  0.0000
0.9280  35.7160  5.5000  7.5376  27.7512  0.0000
1.5560  55.3180  5.5000  11.5062  39.5806  0.0000
2.1840  68.8260  5.5000  14.4880  47.2171  0.0000
2.8120  76.8009  5.5000  16.7071  52.3460  0.0000
3.4400  81.1794  5.5000  18.3826  55.9677  0.0000
4.0680  86.9264  5.5000  19.6760  58.6408  0.0000
4.6960  92.1733  5.5000  20.6970  60.6865  0.0000
5.3240  93.5738  5.5000  21.5200  62.2989  0.0000
5.9520  96.9894  5.5000  22.1956  63.6006  0.0000
6.5800  99.3054  5.5000  22.7592  64.6727  0.0000
7.2080  99.6208  5.5000  23.2359  65.5704  0.0000
7.8360  101.8020  5.5000  23.6440  66.3328  0.0000
8.4640  100.4409  5.5000  23.9971  66.9881  0.0000
9.0920  103.3704  5.5000  24.3055  67.5573  0.0000
9.7200  104.9741  5.5000  24.5771  68.0563  0.0000
10.3480  105.0090  5.5000  24.8180  68.4972  0.0000
10.9760  108.1482  5.5000  25.0331  68.8896  0.0000
11.6040  106.3060  5.5000  25.2264  69.2411  0.0000
12.2320  107.7400  5.5000  25.4009  69.5576  0.0000
12.8600  108.7703  5.5000  25.5592  69.8442  0.0000
13.4880  110.3608  5.5000  25.7035  70.1050  0.0000
14.1160  108.4529  5.5000  25.8356  70.3431  0.0000
14.7440  111.0245  5.5000  25.9569  70.5615  0.0000
15.3720  110.4670  5.5000  26.0688  70.7626  0.0000
16.0000  110.0125  5.5000  26.1721  70.9482  0.0000
