# SPARC rotation curve data (sample)
# R[kpc] Vobs[km/s] errV[km/s] Vgas[km/s] Vdisk[km/s] Vbul[km/s]
0.3000  17.2323  5.0000  3.6576  11.2876  0.0000
0.8087  37.3719  5.0000  9.1804  26.4510  0.0000
1.3174  53.7040  5.0000  13.4281  36.0727  0.0000
1.8261  65.1342  5.0000  16.5253  42.1313  0.0000
2.3348  72.3118  5.0000  18.7867  46.1587  0.0000
2.8435  77.0550  5.0000  20.4747  48.9907  0.0000
3.3522  82.4230  5.0000  21.7685  51.0774  0.0000
3.8609  84.7944  5.0000  22.7854  52.6736  0.0000
4.3696  88.5079  5.0000  23.6028  53.9316  0.0000
4.8783  89.5462  5.0000  24.2725  54.9475  0.0000
5.3870  93.1236  5.0000  24.8304  55.7844  0.0000
5.8957  92.8252  5.0000  25.3019  56.4855  0.0000
6.4043  94.4084  5.0000  25.7054  57.0812  0.0000
6.9130  96.3271  5.0000  26.0543  57.5934  0.0000
7.4217  95.7230  5.0000  26.3589  58.0385  0.0000
7.9304  97.6332  5.0000  26.6272  58.4287  0.0000
8.4391  99.1658  5.0000  26.8651  58.7737  0.0000
8.9478  97.6242  5.0000  27.0775  59.0808  0.0000
9.4565  99.5464  5.0000  27.2683  59.3559  0.0000
9.9652  100.1242  5.0000  27.4406  59.6038  0.0000
10.4739  100.9883  5.0000  27.5969  59.8283  0.0000
10.9826  99.9046  5.0000  27.7394  60.0326  0.0000
11.4913  100.2355  5.0000  27.8699  60.2192  0.0000
12.0000  101.9785  5.0000  27.9897  60.3904  0.0000
