# SPARC rotation curve data (sample)
# R[kpc] Vobs[km/s] errV[km/s] Vgas[km/s] Vdisk[km/s] Vbul[km/s]
0.3000  12.8085  3.5000  4.7619  5.2425  0.0000
0.7071  25.0703  3.5000  10.4299  10.7236  0.0000
1.1143  34.3720  3.5000  14.8013  14.2395  0.0000
1.5214  40.9302  3.5000  18.0255  16.4976  0.0000
1.9286  45.6627  3.5000  20.4089  18.0232  0.0000
2.3357  49.4905  3.5000  22.2069  19.1091  0.0000
2.7429  52.3173  3.5000  23.5968  19.9164  0.0000
3.1500  54.3183  3.5000  24.6968  20.5381  0.0000
3.5571  56.2350  3.5000  25.5858  21.0308  0.0000
3.9643  57.1370  3.5000  26.3174  21.4303  0.0000
4.3714  58.9984  3.5000  26.9292  21.7606  0.0000
4.7786  59.0288  3.5000  27.4478  22.0381  0.0000
5.1857  61.3927  3.5000  27.8927  22.2744  0.0000
5.5929  60.9817  3.5000  28.2783  22.4780  0.0000
6.0000  60.8040  3.5000  28.6157  22.6553  0.0000
