# SPARC rotation curve data (sample)
# R[kpc] Vobs[km/s] errV[km/s] Vgas[km/s] Vdisk[km/s] Vbul[km/s]
0.3000  11.0191  4.0000  3.6265  6.0586  0.0000
0.7529  25.8538  4.0000  8.7380  13.9791  0.0000
1.2059  37.9361  4.0000  13.1046  19.8684  0.0000
1.6588  46.5543  4.0000  16.6518  24.0588  0.0000
2.1118  54.1262  4.0000  19.4789  27.0726  0.0000
2.5647  59.5655  4.0000  21.7316  29.3018  0.0000
3.0176  63.1929  4.0000  23.5431  31.0008  0.0000
3.4706  68.1208  4.0000  25.0184  32.3315  0.0000
3.9235  70.0350  4.0000  26.2363  33.3986  0.0000
4.3765  71.3096  4.0000  27.2551  34.2714  0.0000
4.8294  74.3264  4.0000  28.1177  34.9978  0.0000
5.2824  74.9696  4.0000  28.8562  35.6112  0.0000
5.7353  77.4211  4.0000  29.4948  36.1357  0.0000
6.1882  78.8548  4.0000  30.0520  36.5891  0.0000
6.6412  78.7280  4.0000  30.5420  36.9849  0.0000
7.0941  80.7349  4.0000  30.9761  37.3332  0.0000
7.5471  81.2373  4.0000  31.3632  37.6421  0.0000
8.0000  82.2279  4.0000  31.7105  37.9179  0.0000
